0.9
0.81
0.72
0.65
0.59
0.53
0.47
0.43
0.38
2.34
3.02
4.38
3.94
5.69
5.79
6.46
5.81
5.79
5.21
5.69
5.59
5.94
6.65
7.12
7.71
8.1
7.29
8.46
8.87
8.98
8.08
8.61
9.36
9.3
8.37
8.44
8.51
9.45
9.94
10.9
10.6
11.9
10.7
11.4
11.2
11.1
10.3
11.1
11.2
10.6
11.4
11.1
10.2
9.47
10.8
10.4
9.4
8.8
7.92
7.13
7.23
6.67
7.97
9.18
10.4
10.5
11.8
12.7
11.8
11.5
11.3
11.4
11.4
10.3
10.1
10.0
10.0
9.36
8.66
9.09
8.3
8.82
8.71
8.44
7.9
7.11
7.02
8.64
7.78
9.57
9.16
9.79
9.81
9.41
8.82
9.08
8.17
7.69
7.22
6.9
6.42
7.8
7.02
7.06
6.35
7.13
8.68
8.0
7.87
7.08
8.29
8.02
8.07
7.59
7.58
7.87
9.48
9.44
9.22
8.3
7.91
8.44
8.66
8.09
8.05
7.38
6.64
6.98
6.75
6.6
6.77
6.88
7.32
7.58
7.66
8.02
8.28
8.31
8.52
8.99
8.59
8.26
8.2
7.99
7.19
7.03
6.51
7.82
7.04
6.33
5.7
6.3
7.73
7.74
6.96
7.06
7.02
6.31
6.87
6.84
7.26
7.25
6.52
6.02
6.64
5.97
5.38
5.38
6.01
6.85
7.54
7.62
6.86
7.74
7.61
6.85
6.16
5.93
9.11
8.2
8.71
8.07
8.52
9.0
8.1
7.71
8.75
9.89
10.3
10.5
10.2
9.56
10.0
9.66
9.32
8.62
8.38
8.72
8.64
7.78
7.64
7.54
8.03
8.7
8.0
7.57
7.01
7.05
7.29
7.03
6.87
7.09
6.91
6.95
6.98
6.45
7.46
8.68
10.8
9.79
8.81
9.08
9.03
9.43
8.49
7.94
7.92
8.36
7.53
7.3
7.16
7.52
8.6
7.9
8.07
7.79
8.54
9.23
8.31
8.1
8.39
8.94
8.89
8.46
9.02
9.47
8.95
9.88
12.1
12.9
11.9
10.7
10.9
10.3
9.9
8.91
8.72
7.85
7.72
9.76
10.2
9.96
8.96
8.54
9.23
9.88
10.0
9.68
9.75
9.2
9.18
8.44
8.84
10.5
10.5
10.1
10.4
10.0
10.3
9.93
11.3
11.6
10.8
9.79
10.7
10.8
10.2
9.86
9.75
8.77
9.3
8.37
8.44
8.17
7.35
7.54
7.53
8.3
7.91
8.12
7.58
7.29
7.34
8.28
8.57
8.88
8.7
8.74
9.34
9.45
9.42
9.63
9.25
8.33
7.74
7.52
6.76
7.91
8.2
8.1
10.0
9.86
8.88
8.6
8.11
9.5
8.55
8.28
7.9
7.11
6.88
7.51
7.76
6.99
7.02
6.32
7.05
7.46
7.1
6.39
7.17
6.45
7.0
6.53
5.88
7.43
6.68
6.88
6.19
6.34
6.1
5.62
5.06
5.55
5.44
6.29
6.1
6.06
6.01
5.41
6.62
5.96
7.67
7.11
6.98
7.19
8.26
8.54
8.05
7.93
7.6
8.75
8.28
7.45
6.7
7.42
7.39
6.65
8.22
9.77
9.2
8.28
7.58
6.93
7.85
7.83
8.43
7.96
8.02
9.33
9.51
8.92
8.85
8.03
9.63
8.66
7.8
7.02
6.99
7.89
7.98
7.18
8.21
7.39
7.65
8.09
7.8
8.42
7.79
7.31
6.91
6.62
6.66
6.13
6.07
6.71
6.76
7.27
6.84
6.75
7.18
7.26
7.36
7.37
8.18
7.37
7.43
7.03
6.33
5.9
6.34
8.47
7.96
7.17
7.87
7.48
8.67
7.8
7.17
7.62
6.86
8.73
8.44
8.32
9.32
9.84
10.4
10.6
12.0
10.8
10.3
10.0
9.07
9.33
9.2
9.28
9.77
11.9
10.7
10.3
10.4
9.51
9.11
8.4
8.64
8.02
8.5
8.21
7.39
7.65
6.89
6.83
7.25
8.92
8.56
9.12
8.21
8.44
8.83
8.08
9.77
9.09
9.95
9.56
8.6
8.0
8.45
9.17
11.0
11.2
10.3
9.3
9.89
10.0
9.24
9.44
10.7
9.9
10.0
9.71
9.5
9.2
8.8
9.4
9.07
9.06
8.15
7.59
8.48
7.82
7.56
8.13
7.7
7.43
7.35
7.88
7.58
7.49
8.8
8.83
7.94
8.29
9.01
9.22
8.29
7.46
7.7
8.31
8.59
8.84
8.9
9.83
8.85
9.55
8.78
10.2
9.87
9.36
10.5
11.6
11.0
10.4
10.7
12.6
13.1
11.8
14.0
12.6
12.0
13.0
13.4
13.5
15.3
14.4
13.8
12.4
11.1
11.0
11.4
12.0
13.6
12.2
11.9
11.7
13.4
13.0
12.3
11.7
11.9
12.1
12.5
11.2
10.6
10.5
11.1
11.4
10.2
9.62
10.8
9.96
9.45
9.68
10.1
10.2
10.4
11.0
12.3
12.8
12.5
12.0
11.4
11.2
10.6
12.5
14.0
14.9
13.8
13.2
11.9
11.7
12.4
12.0
12.4
11.6
13.0
11.7
12.0
11.3
11.3
13.7
13.8
12.6
13.1
12.3
11.1
10.7
10.8
12.5
11.2
10.1
10.0
9.42
11.0
12.6
11.8
11.2
12.5
11.8
11.4
10.3
9.56
10.5
10.0
9.34
9.93
9.37
8.73
9.2
9.62
9.15
8.4
8.01
7.21
7.58
7.05
8.01
8.55
8.81
8.36
8.99
10.5
9.53
8.91
8.65
8.41
10.0
9.07
8.48
9.58
8.94
10.0
9.24
8.98
9.43
8.79
9.09
10.0
10.0
10.1
11.0
11.6
11.6
12.5
11.3
11.2
11.0
11.3
13.4
12.5
11.3
11.4
10.9
10.6
9.91
9.05
10.8
10.5
11.3
10.8
9.75
9.87
9.92
9.2
8.41
8.68
8.42
8.18
8.2
7.38
7.78
7.36
7.89
7.63
7.82
8.82
9.27
9.49
9.54
9.5
9.12
8.94
9.35
9.81
11.0
10.1
9.34
8.41
9.12
8.41
7.57
8.26
9.15
8.42
8.23
8.82
9.22
9.02
8.71
8.69
8.53
8.08
7.27
7.45
7.26
7.69
7.56
7.64
7.87
7.08
7.04
7.98
7.47
6.73
6.9
6.5
7.61
8.51
8.37
7.83
7.96
9.16
8.24
7.8
7.16
8.56
8.47
8.94
10.1
11.3
10.7
10.5
11.7
10.9
10.3
10.5
10.8
10.0
9.0
8.45
9.96
11.4
11.7
10.9
9.84
9.44
8.78
8.23
8.04
8.71
9.01
8.78
9.67
9.34
8.76
8.6
7.74
7.62
7.66
7.52
8.16
7.55
9.27
8.58
8.1
8.36
8.97
8.07
9.92
10.9
10.3
10.5
9.96
9.6
9.4
9.12
8.4
8.01
7.53
7.24
6.52
7.32
7.21
7.25
7.29
7.83
7.46
6.83
7.94
7.81
9.08
8.18
7.51
7.14
7.84
7.95
7.61
7.5
7.27
8.25
7.72
8.64
8.54
9.6
10.1
11.2
11.2
10.0
9.63
8.67
7.9
10.9
9.87
8.88
8.38
7.54
6.79
6.11
5.5
5.98
5.38
5.64
5.84
6.16
6.84
6.87
6.18
6.55
7.78
7.0
6.3
5.8
6.87
7.76
7.94
7.15
6.52
7.0
7.38
6.64
7.2
6.85
6.39
7.22
7.19
7.79
7.01
8.06
7.25
7.3
6.71
7.14
6.8
6.98
7.19
7.07
6.7
6.26
6.57
7.79
7.01
6.31
6.88
6.2
5.74
5.16
5.21
4.69
6.92
6.23
5.88
6.06
6.12
5.51
7.21
6.48
6.02
7.44
6.77
6.09
6.4
5.76
6.02
6.72
6.94
7.72
7.49
6.74
6.19
5.57
6.66
6.58
6.07
6.85
6.42
8.5
7.96
7.36
6.62
6.67
6.22
7.04
6.6
6.92
6.53
7.91
8.77
9.8
9.38
8.62
8.35
7.87
7.08
6.37
5.74
6.16
5.55
4.99
6.31
8.36
8.19
8.18
7.37
7.34
7.39
6.94
6.24
5.81
5.23
5.71
7.6
8.2
7.97
8.32
8.85
8.07
7.26
7.19
8.39
7.81
8.2
8.29
7.82
7.49
7.51
9.82
9.95
8.95
8.06
7.95
8.16
8.67
8.74
9.07
8.89
10.3
11.0
10.1
11.5
10.8
11.4
10.3
9.8
10.6
10.7
9.64
9.45
10.4
10.9
9.82
9.81
9.94
10.5
11.8
11.0
9.94
9.51
9.78
10.0
9.07
9.54
10.8
9.83
9.51
8.56
10.4
12.0
12.7
12.4
13.4
13.5
13.3
11.9
11.4
11.2
12.1
12.9
14.4
12.9
13.3
13.0
13.1
12.1
10.9
10.9
11.5
11.0
11.7
10.5
10.1
10.4
12.4
12.1
10.9
11.4
10.5
10.1
9.67
10.6
9.6
10.6
9.57
9.57
8.88
8.99
9.58
8.9
9.35
9.26
9.24
9.01
9.19
8.27
8.0
7.2
6.69
6.02
6.9
6.58
6.62
7.81
7.5
8.03
9.21
8.29
7.71
7.19
7.01
6.67
6.83
6.71
7.5
7.15
6.43
7.47
7.75
6.98
7.83
7.33
6.94
7.48
9.43
8.67
8.32
9.05
8.56
7.71
7.74
7.99
9.01
8.44
8.81
8.17
10.7
9.69
9.91
10.7
11.0
10.7
9.91
9.25
9.26
9.19
8.48
10.4
10.4
10.3
9.61
8.65
7.78
7.15
6.71
6.33
6.7
7.38
6.75
6.26
5.88
6.19
6.22
6.2
6.06
6.57
6.24
5.62
6.62
5.95
5.47
4.92
5.68
6.95
6.78
6.25
6.55
6.07
6.93
6.98
7.28
7.05
6.49
6.1
6.13
7.75
8.29
8.19
7.37
7.5
6.75
6.08
5.47
4.92
5.74
7.27
7.25
6.65
6.53
6.43
6.08
6.97
6.27
6.31
7.11
7.79
7.53
7.39
6.65
7.64
6.88
7.56
7.72
8.86
7.98
7.78
10.7
10.9
12.4
11.2
11.8
10.8
10.3
10.1
10.1
11.9
13.4
13.2
12.5
11.8
10.6
11.1
11.7
10.9
10.8
10.9
9.83
9.68
8.88
9.32
10.4
10.6
10.1
10.5
9.47
9.2
9.19
9.47
9.3
10.6
10.5
12.2
11.7
12.4
11.6
10.6
10.7
11.0
10.3
10.3
10.3
9.29
13.3
12.0
11.7
10.5
11.1
11.2
10.7
9.71
9.86
9.55
8.96
9.11
8.2
7.54
8.06
7.6
8.85
9.25
8.32
7.49
7.74
7.68
8.5
8.45
7.95
8.36
7.52
7.64
6.88
6.69
6.44
6.1
5.49
4.94
5.03
5.26
4.92
4.43
5.5
5.52
5.5
5.43
8.03
8.64
8.88
7.99
7.19
7.62
7.02
6.32
6.27
6.63
7.57
6.81
6.28
6.27
5.79
5.35
5.2
5.28
5.22
5.26
7.53
7.73
7.21
6.86
6.18
6.15
6.3
6.36
5.73
5.49
6.66
7.51
7.56
7.22
6.5
6.35
6.5
5.85
5.47
6.58
6.39
7.8
8.27
7.44
6.91
6.22
6.97
8.49
7.64
7.57
6.92
6.23
6.53
6.74
7.74
8.46
8.89
8.39
8.14
7.32
7.44
7.48
6.73
7.4
7.48
6.74
6.31
6.6
6.71
6.2
5.58
5.8
7.77
6.99
7.03
6.33
5.84
6.4
7.85
8.09
8.09
7.83
7.05
8.33
8.33
8.65
9.36
8.43
7.85
7.48
7.55
6.79
7.07
6.53
6.78
7.0
8.11
7.44
6.69
6.39
7.15
8.8
9.48
8.7
7.83
7.95
8.22
7.6
6.84
6.48
6.05
7.1
6.85
7.56
6.96
9.43
9.52
9.76
8.78
8.12
8.97
8.45
9.27
8.35
8.0
7.73
8.35
7.66
7.14
7.3
6.57
8.47
8.45
9.41
9.29
9.47
9.3
8.69
9.79
9.0
9.21
8.66
8.91
8.15
7.58
6.83
7.05
9.42
11.3
11.8
12.2
11.7
13.0
12.7
12.2
11.0
10.5
12.2
11.9
12.3
11.3
11.2
10.7
10.7
10.4
10.7
11.0
10.4
10.4
11.1
11.5
10.5
10.7
10.0
10.6
10.0
11.5
12.1
11.1
11.4
11.3
10.1
11.8
12.9
13.0
13.2
13.4
12.1
11.8
11.1
10.9
10.3
11.5
12.5
13.3
12.7
11.4
12.3
12.4
13.6
13.3
13.6
13.5
12.3
11.6
11.2
10.1
9.1
9.6
11.2
12.2
13.1
12.9
12.5
14.1
12.9
12.4
11.9
11.5
10.9
11.7
10.5
11.6
11.2
12.2
11.4
12.1
11.4
11.0
10.3
11.4
12.0
11.2
10.4
10.5
10.0
9.5
8.62
9.33
9.98
9.86
9.12
9.17
8.79
8.71
10.2
12.0
12.0
11.1
11.6
10.7
10.2
11.3
11.8
12.6
11.4
11.7
11.1
11.7
11.0
12.0
12.5
11.2
10.5
10.3
9.8
10.8
10.8
10.6
10.3
11.1
10.0
12.5
11.2
10.6
10.0
10.5
10.1
11.1
12.1
10.9
11.6
10.7
9.87
8.89
8.0
10.5
9.96
9.12
9.69
9.21
9.84
9.11
9.13
8.47
9.25
8.54
7.98
9.61
9.65
9.17
8.97
8.56
9.04
11.1
10.1
9.31
8.89
8.34
8.61
7.75
8.12
9.13
8.53
7.91
7.81
7.28
7.62
7.49
8.34
7.51
6.75
6.63
6.36
5.72
5.15
6.06
8.92
10.8
9.8
9.19
9.07
10.0
10.3
11.3
10.9
9.93
9.42
8.47
9.5
9.63
9.44
10.0
9.02
9.81
9.69
10.4
9.94
9.82
9.05
9.3
9.9
10.5
10.0
9.24
8.31
7.81
9.44
9.5
9.3
9.28
10.2
9.93
9.39
10.2
9.35
9.72
9.92
10.3
9.34
11.6
11.8
11.9
11.2
11.9
11.2
13.1
14.0
12.6
13.1
12.8
11.5
11.9
14.2
14.4
13.3
13.0
12.4
12.3
15.0
16.1
15.3
14.8
15.5
13.9
14.4
14.1
13.3
13.7
15.1
16.0
15.6
14.1
14.6
13.5
15.5
14.8
13.9
12.9
15.7
15.0
14.2
13.2
13.4
12.0
14.0
12.9
14.9
14.5
17.6
18.5
18.7
18.7
17.8
20.3
19.5
18.1
19.2
18.4
17.9
17.5
16.5
15.5
17.1
17.7
18.1
19.3
17.3
16.9
16.8
17.9
16.6
17.6
18.6
19.0
18.8
19.2
18.4
18.5
20.6
21.1
20.1
20.5
23.3
22.4
22.2
22.6
25.1
26.5
28.4
26.8
24.3
25.5
25.0
23.2
22.7
23.6
25.4
26.2
26.3
23.7
22.6
23.4
21.8
22.0
20.5
19.8
21.1
23.2
22.4
21.4
22.0
22.7
20.4
19.3
18.5
18.7
19.0
18.2
16.4
19.1
21.9
22.1
24.1
22.1
23.7
23.8
23.7
22.5
24.3
24.5
25.5
25.7
23.5
24.4
28.3
27.1
25.9
24.6
23.7
24.8
26.0
23.8
24.3
26.8
27.1
27.9
27.1
26.8
25.5
26.2
25.7
24.7
23.8
24.6
23.3
22.5
21.6
21.1
21.6
25.9
24.2
24.9
23.0
22.6
22.8
23.9
26.4
24.7
25.9
24.1
23.4
21.5
21.1
22.1
21.9
24.0
23.5
21.7
22.2
20.4
19.3
20.6
20.5
21.6
23.8
24.1
24.3
21.9
20.6
21.5
22.5
21.7
22.8
24.1
24.6
24.0
21.7
20.5
18.4
19.8
21.7
23.0
23.4
23.3
23.3
23.4
21.5
22.1
20.9
19.2
23.0
23.4
23.0
21.4
20.3
20.1
23.6
24.0
21.9
22.8
23.7
22.3
23.6
24.3
24.4
28.6
28.5
28.8
27.5
26.8
24.3
25.4
24.2
24.1
22.6
24.7
25.6
24.4
23.1
23.6
23.8
21.4
21.2
22.8
24.8
25.0
25.8
26.9
26.0
24.7
22.4
21.2
23.6
25.4
25.2
26.6
25.1
25.1
26.5
26.9
26.4
27.4
27.4
30.2
28.9
29.2
31.4
29.6
28.8
29.3
26.4
24.9
25.1
23.7
24.3
24.2
24.6
23.0
23.2
22.9
22.8
21.4
22.4
21.6
22.5
21.6
19.5
20.5
18.4
18.5
21.0
24.4
23.6
24.3
23.9
22.3
22.2
20.3
20.5
21.0
20.9
22.3
22.6
21.6
21.7
22.6
20.8
24.1
24.0
24.4
25.6
25.8
23.9
24.5
22.1
21.0
24.3
25.6
27.9
27.4
25.3
24.5
24.6
23.9
22.2
25.9
26.1
26.9
29.5
28.6
26.6
27.4
27.3
24.9
22.4
25.0
23.8
23.7
26.5
27.5
26.3
25.8
24.2
22.8
20.5
22.6
23.0
22.5
20.7
18.8
18.8
20.5
19.4
17.5
19.2
19.7
18.3
18.5
17.6
18.1
17.0
16.6
15.0
16.3
15.6
15.4
15.7
16.1
15.3
14.3
14.9
14.3
13.9
15.0
17.1
17.3
17.0
18.3
19.4
19.3
18.5
18.3
17.6
18.0
18.5
17.5
20.9
23.1
23.0
21.6
20.6
19.5
18.6
19.2
19.8
20.5
20.9
19.5
20.2
21.9
20.6
21.0
20.3
20.3
20.4
19.8
21.3
20.6
20.6
22.1
19.9
20.0
21.3
20.3
21.0
22.6
22.6
20.3
21.6
21.2
19.0
18.7
19.5
21.4
21.0
20.0
19.3
20.0
20.4
22.2
20.6
21.6
21.5
20.9
18.8
18.9
24.6
23.1
24.4
24.0
25.0
22.5
20.2
19.9
20.0
21.4
21.4
20.4
19.9
21.2
22.5
20.2
20.0
18.3
21.4
22.8
22.6
21.9
23.3
26.1
26.2
24.9
24.1
23.2
22.3
20.7
20.9
19.8
20.3
22.7
23.1
23.3
24.9
23.6
24.9
23.7
21.9
22.3
23.1
24.9
23.9
22.5
24.8
26.1
25.6
25.3
25.5
25.6
23.7
24.6
25.1
23.6
21.3
22.9
22.6
20.3
20.3
20.6
20.4
25.4
28.5
29.6
30.5
31.0
30.2
29.0
28.3
26.6
25.5
25.1
24.1
25.2
24.5
27.6
26.8
26.6
26.5
28.1
26.4
25.3
25.4
28.3
26.6
25.0
25.4
25.2
29.0
31.3
29.1
26.2
27.0
27.1
25.2
26.9
27.2
27.8
29.2
27.9
25.7
24.3
22.8
24.0
25.6
28.8
27.2
27.8
26.3
25.2
23.8
22.4
22.5
25.6
31.9
31.1
30.8
31.0
27.9
27.1
25.6
24.4
23.9
22.6
24.7
23.3
27.5
25.7
25.2
26.1
24.3
24.3
23.6
21.8
22.4
23.0
24.7
23.6
27.1
27.4
27.1
24.4
22.2
21.1
20.6
22.4
23.6
24.5
24.0
25.3
26.0
24.5
25.3
24.9
26.2
26.6
26.2
27.2
31.1
33.3
31.4
31.6
30.7
32.5
29.5
28.8
27.6
26.5
26.3
28.3
29.3
30.0
33.9
33.8
33.6
32.7
33.1
32.9
35.2
34.8
36.8
42.0
40.9
38.9
37.6
36.3
37.4
37.7
36.9
35.9
37.6
38.9
37.9
38.7
37.5
38.7
40.8
40.1
39.7
40.1
38.9
37.1
35.2
34.4
36.9
35.0
40.0
38.4
39.4
37.9
41.6
39.2
39.2
42.1
39.7
40.8
41.5
44.0
42.3
44.3
42.5
42.7
41.3
37.5
39.2
41.0
42.7
42.9
44.3
42.1
44.1
42.3
39.8
40.5
42.7
44.8
45.3
46.4
43.5
47.3
44.6
41.9
45.6
46.7
46.9
49.3
49.8
45.7
45.6
47.6
49.7
55.4
55.0
56.0
58.0
58.5
54.2
56.0
57.9
58.3
61.7
59.8
60.3
61.9
60.2
57.9
56.6
60.6
58.8
60.2
62.4
62.4
62.3
61.5
58.0
54.4
56.1
57.7
62.7
65.8
64.8
64.5
62.5
61.4
62.1
58.7
63.2
68.7
69.9
68.5
67.7
65.0
66.6
62.1
63.0
67.8
68.8
67.4
68.0
67.7
63.4
64.9
64.5
65.2
67.5
66.3
64.9
65.7
67.2
62.1
63.1
63.2
65.3
64.9
64.7
65.9
64.5
66.4
60.5
61.4
59.3
63.0
66.1
65.8
68.9
65.7
66.7
61.9
59.4
56.8
56.4
62.4
60.6
61.3
65.5
68.1
64.2
61.1
60.6
59.9
62.8
62.0
61.4
66.1
66.7
66.9
62.3
61.8
62.5
65.2
69.6
68.5
69.3
69.9
74.6
69.9
70.0
69.7
67.2
68.1
66.6
69.2
70.1
76.2
72.0
70.1
70.3
70.3
68.7
64.3
64.0
68.0
76.5
71.1
68.7
68.2
70.7
69.3
67.7
66.6
68.3
73.2
72.4
71.3
66.8
67.2
67.1
66.6
65.6
70.1
75.6
74.7
76.1
71.1
70.5
67.5
70.1
67.8
69.2
72.7
75.9
74.7
70.1
69.2
69.5
68.0
68.7
68.5
70.4
71.7
67.8
66.7
62.1
66.4
66.8
65.8
65.2
70.6
71.7
69.5
68.9
65.9
67.6
67.6
66.8
65.7
67.9
73.5
68.0
67.9
68.2
67.9
67.1
65.9
67.1
68.0
76.6
71.3
71.0
71.4
72.6
71.7
70.7
69.6
70.8
75.0
77.0
76.8
77.0
76.6
78.3
75.9
77.8
74.5
79.8
79.5
78.7
76.6
73.3
71.5
73.4
76.8
73.9
77.5
78.3
76.1
75.1
68.7
66.6
67.1
69.0
71.5
73.1
73.0
70.3
68.8
66.9
66.4
67.9
69.8
70.7
74.1
71.9
69.5
68.0
66.1
66.8
66.8
71.4
70.2
75.0
69.7
68.2
67.7
65.8
65.9
66.8
70.6
67.6
71.0
69.0
67.4
65.1
59.3
63.4
64.3
67.5
65.5
68.7
65.7
65.9
64.8
62.6
66.9
66.0
69.2
69.8
70.3
68.5
66.1
66.0
67.3
67.2
67.8
70.9
70.4
68.9
67.8
66.7
67.2
67.2
67.0
70.4
73.9
73.9
72.4
67.5
64.7
63.5
71.1
65.1
67.8
67.0
68.9
69.7
64.8
62.4
60.4
64.4
63.1
63.9
67.6
68.1
66.9
64.1
64.2
61.6
61.8
60.4
64.4
69.6
68.8
70.3
69.8
70.6
66.8
64.8
62.4
63.4
66.3
66.5
66.0
63.5
63.3
61.3
62.3
62.5
66.4
69.4
64.4
63.3
62.8
64.2
63.5
62.8
65.1
66.3
69.3
66.1
63.5
66.6
65.4
67.1
68.2
65.8
69.7
70.9
66.0
63.3
65.5
66.7
70.4
69.0
68.2
67.9
67.3
62.8
58.8
61.6
57.8
62.9
62.8
62.2
62.6
65.8
62.7
60.0
58.4
56.7
61.6
61.9
60.7
60.2
65.4
64.1
62.0
62.8
61.5
62.2
65.4
61.3
59.3
64.0
60.3
58.2
57.4
56.4
55.8
57.0
56.5
55.4
62.9
66.2
63.2
60.3
57.7
60.1
59.4
57.8
59.8
64.6
71.3
69.4
65.1
63.3
62.9
61.2
56.8
56.6
60.2
64.2
62.5
58.1
56.1
56.0
53.7
52.5
55.0
54.2
58.8
58.2
55.4
54.5
54.1
53.5
52.4
55.2
53.7
58.2
56.5
55.5
56.6
58.2
58.3
56.9
57.0
54.4
57.4
56.1
54.8
54.9
53.9
52.0
56.8
55.5
54.3
58.6
59.3
57.5
55.9
55.9
54.0
56.8
54.8
55.1
56.3
56.6
55.9
53.0
59.7
57.7
61.6
59.5
62.3
65.0
63.9
67.7
63.9
64.2
59.5
66.2
65.0
66.1
67.7
65.3
71.3
69.8
70.0
65.4
67.7
66.8
66.2
68.3
67.3
71.6
74.2
72.5
69.7
72.8
69.2
66.3
67.7
69.4
70.8
73.5
71.9
71.1
75.9
71.6
70.0
68.5
64.3
64.3
64.4
65.1
66.9
70.2
67.3
68.6
67.3
63.7
63.5
65.6
64.3
66.0
71.6
68.9
70.1
70.1
66.5
68.0
71.0
71.1
67.6
71.8
71.6
70.4
69.2
67.1
68.2
72.8
74.1
69.2
71.5
73.1
74.1
69.8
67.2
66.0
71.1
71.9
72.3
73.1
78.7
76.7
75.9
71.0
70.1
72.9
74.8
77.4
78.4
84.9
82.7
82.9
76.3
75.4
77.6
78.9
84.2
86.7
94.0
91.2
88.3
80.6
79.1
78.4
76.1
82.7
81.8
85.7
85.7
84.8
79.1
78.0
77.8
75.9
81.3
81.3
80.2
81.9
83.4
79.3
79.2
79.6
78.9
83.2
83.9
84.3
84.3
84.1
80.6
78.8
81.7
78.7
84.2
82.4
84.1
80.5
81.1
81.0
78.0
82.5
81.0
84.0
82.9
83.1
81.3
82.1
81.7
80.1
85.1
82.7
88.7
86.8
84.0
82.7
81.6
80.6
79.4
85.1
82.5
87.6
87.2
82.5
83.6
81.5
79.5
80.0
83.0
81.8
87.9
85.2
77.8
78.1
78.5
75.8
80.7
85.7
82.3
85.1
84.2
