0.9
0.81
0.72
0.65
0.59
0.53
0.47
0.43
1.49
5.34
5.72
5.15
6.17
6.98
8.28
7.45
7.3
8.79
9.43
9.6
9.12
11.8
12.5
11.6
12.9
14.0
14.8
13.4
12.4
12.8
14.2
13.7
15.8
14.8
17.0
17.8
16.5
15.4
15.2
14.4
15.1
14.7
13.7
14.6
14.0
13.4
13.8
12.9
12.6
12.0
13.1
13.3
14.1
13.0
14.0
14.1
15.3
15.2
16.5
14.9
14.0
12.8
12.2
12.0
12.2
14.1
14.0
16.1
15.3
14.3
13.1
13.0
12.4
14.5
15.5
14.9
14.8
16.5
14.8
15.4
14.7
14.6
14.9
14.6
16.1
15.2
17.1
18.4
17.7
19.4
18.0
16.2
14.6
13.1
12.9
11.6
10.4
9.99
9.2
10.3
9.68
9.64
10.2
11.6
11.0
10.3
12.4
12.4
15.4
13.8
13.3
13.7
15.0
15.2
15.8
14.2
14.1
14.8
16.9
17.1
15.5
14.5
14.6
14.5
14.0
12.6
12.4
11.7
12.9
14.2
15.3
14.4
16.4
16.4
16.8
16.5
16.0
17.0
15.7
16.8
17.8
16.8
16.1
15.7
15.9
16.4
17.4
18.0
18.4
17.8
17.3
18.6
19.1
18.5
19.6
19.1
18.5
16.8
15.9
15.7
15.9
16.8
15.8
14.4
15.7
14.7
15.0
15.3
16.1
14.7
13.2
14.1
14.4
14.4
14.2
12.8
12.3
12.4
13.9
14.8
15.0
14.0
12.9
15.1
15.5
14.6
15.5
15.5
17.7
16.6
15.8
15.1
15.9
14.9
19.0
18.7
17.3
17.9
19.9
19.6
19.5
19.3
20.0
21.6
22.0
21.4
20.4
19.1
18.7
19.2
20.5
20.9
21.7
21.7
21.6
22.0
19.8
18.7
21.0
19.3
18.5
20.2
18.6
17.7
17.9
19.1
17.7
16.4
15.8
14.8
13.3
13.8
13.0
12.5
13.5
12.6
12.1
12.6
12.0
12.1
11.7
12.2
12.8
11.5
11.4
10.2
10.5
9.73
9.13
9.75
11.5
12.1
12.2
13.2
13.1
12.1
12.0
10.8
10.1
11.0
11.1
12.7
13.3
12.6
14.6
16.1
15.4
15.2
14.7
15.5
16.0
15.4
14.2
14.9
13.4
13.5
13.0
11.7
10.9
13.1
12.8
13.4
12.0
11.1
10.4
10.7
10.5
10.5
10.9
10.8
9.87
9.25
9.45
8.66
9.77
9.05
9.94
10.3
10.5
10.1
9.17
9.42
8.47
8.31
9.59
10.8
11.4
11.9
12.1
13.2
14.5
15.2
14.6
13.7
14.8
15.7
17.6
16.7
15.5
13.9
14.0
15.6
14.0
15.0
17.2
16.7
15.2
15.8
15.0
17.2
16.8
18.5
18.8
17.3
19.2
17.7
16.4
15.7
14.1
16.6
18.5
20.1
20.1
18.1
16.5
15.6
17.0
15.3
15.1
17.4
18.0
17.4
18.0
16.2
17.0
15.3
13.7
14.3
17.5
18.6
17.5
16.9
18.0
16.5
14.9
13.4
12.5
12.3
16.6
17.8
18.5
17.2
17.9
17.9
16.2
14.8
15.2
13.7
13.7
16.6
15.6
18.1
17.0
19.0
17.2
16.5
15.3
15.5
14.5
14.4
15.0
14.8
16.5
17.6
17.3
17.3
17.6
16.4
15.9
15.3
16.4
15.6
14.0
16.6
18.7
17.1
15.8
14.9
13.6
13.6
12.8
13.5
15.1
15.5
14.8
14.4
14.3
13.5
13.2
14.8
14.9
15.0
14.5
14.6
14.6
14.3
15.8
15.4
17.6
17.6
17.5
17.8
16.8
15.7
16.4
15.8
15.0
18.7
18.5
18.5
17.4
16.2
15.3
16.0
16.5
16.3
17.6
19.9
21.0
22.8
21.0
20.8
18.9
17.8
20.2
22.0
20.3
19.8
20.4
19.7
18.5
16.9
18.5
21.4
23.5
25.4
22.9
20.6
19.8
18.6
19.0
24.0
23.6
24.7
24.9
23.8
22.4
21.6
21.4
21.5
23.3
23.4
25.4
25.3
24.0
24.8
24.6
22.8
23.1
24.9
24.6
25.5
27.8
26.1
24.6
24.0
22.9
22.9
23.7
22.8
24.7
24.1
26.9
26.4
26.4
25.4
22.8
24.9
27.0
29.8
32.8
31.8
33.1
33.2
32.8
31.1
31.9
33.2
33.7
36.6
34.1
35.6
35.4
32.9
30.0
30.7
29.2
29.9
33.1
30.3
30.0
29.1
27.3
26.7
28.9
27.7
29.3
31.0
30.9
30.0
29.8
30.9
30.5
32.7
31.0
31.7
31.2
31.1
31.2
33.3
37.5
37.5
37.2
37.7
35.5
36.0
38.3
38.5
42.8
44.0
42.5
43.9
41.9
41.9
41.2
42.5
44.1
50.7
49.6
45.7
44.6
42.4
44.7
44.9
47.2
45.8
47.6
47.2
46.8
48.2
46.2
43.3
45.5
45.9
45.7
48.2
43.7
42.8
42.4
42.2
41.2
43.3
41.8
43.7
44.8
44.3
46.5
45.2
44.6
41.7
42.5
45.0
48.4
46.5
47.3
48.6
48.0
48.5
46.3
48.4
48.7
50.7
50.7
49.8
49.1
46.3
46.5
47.4
53.0
54.1
54.3
53.6
54.7
53.6
48.3
48.4
47.3
51.5
51.3
52.2
49.2
49.7
51.6
46.8
45.5
46.4
53.8
53.1
50.6
47.9
47.4
51.5
47.9
45.6
48.9
53.5
54.3
51.9
51.2
51.6
58.5
56.5
53.4
55.8
56.8
57.7
54.3
52.8
53.5
58.5
57.1
57.0
61.6
57.3
58.8
56.7
55.2
55.0
57.8
57.0
56.8
62.3
60.9
61.7
59.9
57.3
56.0
60.2
60.8
60.2
64.4
64.5
65.0
65.3
61.7
59.9
64.8
64.9
65.6
68.3
68.1
68.8
71.0
69.4
68.0
69.7
67.0
70.7
72.3
69.6
67.2
69.9
70.0
70.9
73.9
71.0
73.5
76.8
74.2
70.9
71.1
69.5
71.7
74.0
69.9
73.7
74.8
77.5
70.9
70.8
69.0
75.0
74.2
70.7
73.3
73.5
76.5
69.6
69.8
70.9
75.8
73.3
71.5
74.5
75.6
76.4
71.8
72.2
74.4
80.5
81.9
80.1
82.2
79.9
82.9
77.5
80.3
85.1
86.6
88.9
87.5
84.3
85.9
87.5
84.2
86.1
90.9
91.6
93.9
91.9
88.0
87.7
86.7
85.5
86.9
90.9
88.5
90.7
91.0
88.6
88.9
86.7
83.6
86.1
88.6
88.0
87.7
88.4
85.4
85.8
84.0
81.7
86.9
86.6
86.6
86.6
86.1
86.5
85.9
87.7
84.7
89.9
89.0
89.8
89.0
89.2
86.3
85.8
86.8
84.0
88.4
88.7
88.6
88.6
90.5
89.6
89.1
85.9
90.8
93.7
89.9
90.4
91.6
92.4
92.4
88.2
86.9
91.3
92.8
90.5
90.0
93.6
93.4
96.0
89.7
86.0
87.9
88.0
86.2
88.0
94.3
96.0
98.2
91.6
86.9
88.8
87.7
87.4
87.4
93.5
98.3
97.3
91.9
87.5
88.4
87.8
86.8
85.4
94.4
98.3
95.1
91.7
88.3
90.0
86.9
86.5
87.5
97.2
99.3
97.7
94.6
92.3
93.7
91.9
95.4
92.0
102.0
102.0
97.9
94.7
93.2
91.7
90.9
91.8
88.6
92.5
95.3
91.3
88.5
89.8
89.1
86.8
90.1
88.2
94.4
91.6
89.2
90.3
92.3
90.6
86.7
87.2
87.6
94.9
90.5
89.9
88.3
93.3
95.1
93.3
91.0
92.4
97.3
97.7
96.8
96.7
100.0
101.0
100.0
97.1
97.4
100.0
103.0
101.0
98.3
101.0
101.0
100.0
97.5
95.5
100.0
100.0
103.0
100.0
103.0
101.0
99.3
97.9
99.3
104.0
106.0
110.0
107.0
110.0
105.0
102.0
101.0
104.0
109.0
111.0
111.0
109.0
111.0
105.0
102.0
103.0
103.0
108.0
110.0
111.0
109.0
111.0
107.0
104.0
105.0
105.0
109.0
114.0
114.0
110.0
115.0
110.0
108.0
108.0
108.0
111.0
115.0
116.0
113.0
117.0
112.0
110.0
110.0
109.0
111.0
115.0
117.0
115.0
117.0
113.0
111.0
111.0
110.0
111.0
115.0
116.0
116.0
118.0
114.0
112.0
111.0
110.0
111.0
116.0
117.0
119.0
121.0
116.0
114.0
113.0
112.0
110.0
116.0
117.0
118.0
120.0
117.0
116.0
115.0
115.0
113.0
119.0
121.0
121.0
123.0
119.0
116.0
115.0
115.0
113.0
119.0
120.0
118.0
120.0
117.0
114.0
114.0
114.0
113.0
119.0
120.0
118.0
121.0
119.0
116.0
116.0
114.0
115.0
119.0
122.0
121.0
123.0
121.0
118.0
117.0
115.0
116.0
120.0
124.0
123.0
125.0
121.0
119.0
117.0
115.0
115.0
121.0
125.0
124.0
126.0
123.0
119.0
117.0
116.0
115.0
121.0
126.0
124.0
127.0
124.0
121.0
118.0
115.0
114.0
121.0
126.0
123.0
125.0
124.0
121.0
119.0
116.0
114.0
122.0
126.0
124.0
126.0
124.0
121.0
120.0
116.0
115.0
123.0
128.0
125.0
127.0
125.0
120.0
120.0
117.0
115.0
124.0
128.0
125.0
127.0
125.0
121.0
121.0
117.0
116.0
124.0
128.0
125.0
127.0
126.0
121.0
120.0
117.0
114.0
123.0
128.0
125.0
127.0
126.0
121.0
120.0
117.0
114.0
124.0
128.0
125.0
127.0
126.0
121.0
120.0
117.0
114.0
123.0
127.0
124.0
126.0
126.0
121.0
120.0
117.0
115.0
123.0
127.0
125.0
127.0
126.0
121.0
120.0
118.0
115.0
124.0
128.0
125.0
127.0
126.0
121.0
120.0
118.0
115.0
124.0
128.0
125.0
127.0
126.0
122.0
120.0
118.0
115.0
124.0
128.0
125.0
127.0
127.0
122.0
120.0
118.0
115.0
124.0
128.0
125.0
127.0
127.0
122.0
121.0
118.0
115.0
124.0
128.0
125.0
127.0
127.0
122.0
121.0
118.0
115.0
124.0
128.0
125.0
127.0
127.0
122.0
121.0
118.0
115.0
124.0
128.0
125.0
127.0
127.0
122.0
121.0
118.0
115.0
124.0
128.0
125.0
127.0
127.0
122.0
121.0
118.0
115.0
124.0
128.0
125.0
127.0
127.0
122.0
121.0
118.0
115.0
124.0
128.0
125.0
127.0
127.0
122.0
121.0
118.0
115.0
124.0
128.0
125.0
127.0
127.0
122.0
121.0
118.0
115.0
124.0
128.0
125.0
127.0
127.0
122.0
121.0
118.0
115.0
124.0
128.0
125.0
127.0
127.0
122.0
121.0
118.0
115.0
124.0
128.0
125.0
127.0
127.0
122.0
121.0
118.0
115.0
124.0
128.0
125.0
127.0
127.0
122.0
121.0
118.0
115.0
124.0
128.0
125.0
127.0
127.0
122.0
121.0
118.0
115.0
124.0
128.0
125.0
127.0
127.0
122.0
121.0
118.0
115.0
124.0
128.0
125.0
127.0
127.0
122.0
121.0
118.0
115.0
124.0
128.0
125.0
127.0
127.0
122.0
121.0
118.0
115.0
124.0
128.0
125.0
127.0
127.0
122.0
121.0
118.0
115.0
124.0
128.0
125.0
127.0
127.0
122.0
121.0
118.0
115.0
124.0
128.0
125.0
127.0
127.0
122.0
121.0
118.0
115.0
124.0
128.0
125.0
127.0
127.0
122.0
121.0
118.0
115.0
124.0
128.0
125.0
127.0
127.0
122.0
121.0
118.0
115.0
124.0
128.0
125.0
127.0
127.0
122.0
121.0
118.0
115.0
124.0
128.0
125.0
127.0
127.0
122.0
121.0
118.0
115.0
124.0
128.0
125.0
127.0
127.0
122.0
121.0
118.0
115.0
124.0
128.0
125.0
127.0
127.0
122.0
121.0
118.0
115.0
124.0
128.0
125.0
127.0
127.0
122.0
121.0
118.0
115.0
124.0
128.0
125.0
127.0
127.0
122.0
121.0
118.0
115.0
124.0
128.0
125.0
127.0
127.0
122.0
121.0
118.0
115.0
124.0
128.0
125.0
127.0
127.0
122.0
121.0
118.0
115.0
124.0
128.0
125.0
127.0
127.0
122.0
121.0
118.0
115.0
124.0
128.0
125.0
127.0
127.0
122.0
121.0
118.0
115.0
124.0
128.0
125.0
127.0
127.0
122.0
121.0
118.0
115.0
124.0
128.0
125.0
127.0
127.0
122.0
121.0
118.0
115.0
124.0
128.0
125.0
127.0
127.0
122.0
121.0
118.0
115.0
124.0
128.0
125.0
127.0
127.0
122.0
121.0
118.0
115.0
124.0
128.0
125.0
127.0
127.0
122.0
121.0
118.0
115.0
124.0
128.0
125.0
127.0
127.0
122.0
121.0
118.0
115.0
124.0
128.0
125.0
127.0
127.0
122.0
121.0
118.0
115.0
124.0
128.0
125.0
127.0
127.0
122.0
121.0
118.0
115.0
124.0
128.0
125.0
127.0
127.0
122.0
121.0
118.0
115.0
124.0
128.0
125.0
127.0
127.0
122.0
121.0
118.0
115.0
124.0
128.0
125.0
127.0
127.0
122.0
121.0
118.0
115.0
124.0
128.0
125.0
127.0
127.0
122.0
121.0
118.0
115.0
124.0
128.0
125.0
127.0
127.0
122.0
121.0
118.0
115.0
124.0
128.0
125.0
127.0
127.0
122.0
121.0
118.0
115.0
124.0
128.0
125.0
127.0
127.0
122.0
121.0
118.0
115.0
124.0
128.0
125.0
127.0
127.0
122.0
121.0
118.0
115.0
124.0
128.0
125.0
127.0
127.0
122.0
121.0
118.0
115.0
124.0
128.0
125.0
127.0
127.0
122.0
121.0
118.0
115.0
124.0
128.0
125.0
127.0
127.0
122.0
121.0
118.0
115.0
124.0
128.0
125.0
127.0
127.0
122.0
121.0
118.0
115.0
124.0
128.0
125.0
127.0
127.0
122.0
121.0
118.0
115.0
124.0
128.0
125.0
127.0
127.0
122.0
121.0
118.0
115.0
124.0
128.0
125.0
127.0
127.0
122.0
121.0
118.0
115.0
124.0
128.0
125.0
127.0
127.0
122.0
121.0
118.0
115.0
124.0
128.0
125.0
127.0
127.0
122.0
121.0
118.0
115.0
124.0
128.0
125.0
127.0
127.0
122.0
121.0
118.0
115.0
124.0
128.0
125.0
127.0
127.0
122.0
121.0
118.0
115.0
124.0
128.0
125.0
127.0
127.0
122.0
121.0
118.0
115.0
124.0
127.0
124.0
126.0
126.0
121.0
120.0
118.0
115.0
123.0
127.0
123.0
124.0
124.0
119.0
117.0
115.0
113.0
120.0
124.0
120.0
121.0
121.0
117.0
116.0
115.0
113.0
120.0
124.0
121.0
122.0
121.0
118.0
116.0
115.0
113.0
119.0
123.0
120.0
122.0
122.0
118.0
116.0
115.0
112.0
119.0
122.0
120.0
120.0
121.0
117.0
117.0
116.0
112.0
116.0
120.0
118.0
119.0
120.0
117.0
116.0
116.0
112.0
117.0
122.0
120.0
121.0
121.0
119.0
118.0
116.0
111.0
117.0
122.0
119.0
121.0
120.0
118.0
117.0
116.0
111.0
117.0
122.0
120.0
121.0
122.0
119.0
119.0
117.0
112.0
118.0
123.0
121.0
121.0
122.0
120.0
119.0
117.0
112.0
119.0
122.0
120.0
121.0
122.0
121.0
120.0
118.0
113.0
119.0
123.0
121.0
122.0
123.0
122.0
121.0
119.0
114.0
120.0
124.0
121.0
122.0
123.0
122.0
122.0
120.0
115.0
121.0
124.0
122.0
123.0
124.0
123.0
122.0
120.0
115.0
122.0
125.0
122.0
123.0
124.0
123.0
123.0
121.0
115.0
121.0
125.0
122.0
123.0
124.0
123.0
123.0
120.0
115.0
122.0
126.0
123.0
123.0
124.0
121.0
121.0
119.0
114.0
121.0
125.0
122.0
123.0
124.0
122.0
122.0
120.0
114.0
122.0
126.0
123.0
124.0
125.0
122.0
122.0
120.0
115.0
122.0
126.0
124.0
125.0
126.0
123.0
123.0
120.0
115.0
122.0
127.0
124.0
125.0
126.0
123.0
123.0
121.0
115.0
122.0
127.0
124.0
125.0
126.0
123.0
123.0
121.0
115.0
123.0
127.0
124.0
125.0
126.0
123.0
123.0
121.0
115.0
123.0
127.0
124.0
125.0
126.0
123.0
123.0
121.0
115.0
123.0
127.0
124.0
125.0
126.0
123.0
123.0
121.0
115.0
123.0
127.0
124.0
125.0
126.0
123.0
123.0
121.0
115.0
123.0
127.0
124.0
125.0
126.0
123.0
123.0
121.0
115.0
123.0
127.0
124.0
125.0
126.0
123.0
123.0
121.0
115.0
123.0
127.0
124.0
125.0
126.0
123.0
123.0
121.0
115.0
123.0
127.0
124.0
125.0
126.0
123.0
123.0
121.0
115.0
123.0
127.0
124.0
125.0
126.0
123.0
123.0
121.0
115.0
123.0
127.0
124.0
125.0
126.0
123.0
123.0
121.0
115.0
123.0
127.0
124.0
125.0
126.0
123.0
123.0
121.0
115.0
123.0
127.0
124.0
125.0
126.0
123.0
123.0
121.0
115.0
123.0
127.0
124.0
125.0
126.0
123.0
123.0
121.0
115.0
123.0
127.0
124.0
125.0
126.0
123.0
123.0
121.0
115.0
123.0
127.0
124.0
125.0
126.0
123.0
123.0
121.0
115.0
123.0
127.0
124.0
125.0
126.0
123.0
123.0
121.0
115.0
123.0
127.0
124.0
125.0
126.0
123.0
123.0
121.0
115.0
123.0
127.0
124.0
125.0
126.0
123.0
123.0
121.0
115.0
123.0
127.0
124.0
125.0
126.0
123.0
123.0
121.0
115.0
123.0
127.0
124.0
125.0
126.0
123.0
123.0
121.0
115.0
123.0
127.0
124.0
125.0
126.0
123.0
123.0
121.0
115.0
123.0
127.0
124.0
125.0
126.0
123.0
123.0
121.0
115.0
123.0
127.0
124.0
125.0
126.0
123.0
123.0
121.0
115.0
123.0
127.0
124.0
125.0
126.0
123.0
123.0
121.0
115.0
123.0
127.0
124.0
125.0
126.0
123.0
123.0
121.0
115.0
123.0
127.0
124.0
125.0
126.0
123.0
123.0
121.0
115.0
123.0
127.0
124.0
125.0
126.0
123.0
123.0
121.0
115.0
123.0
127.0
124.0
125.0
126.0
123.0
123.0
121.0
115.0
123.0
127.0
124.0
125.0
126.0
123.0
123.0
121.0
115.0
123.0
127.0
124.0
125.0
126.0
123.0
123.0
121.0
115.0
123.0
127.0
124.0
125.0
126.0
123.0
123.0
121.0
115.0
123.0
127.0
124.0
125.0
126.0
123.0
123.0
121.0
115.0
123.0
127.0
124.0
125.0
126.0
123.0
123.0
121.0
115.0
123.0
127.0
124.0
125.0
126.0
123.0
123.0
121.0
115.0
123.0
127.0
124.0
125.0
126.0
123.0
123.0
121.0
115.0
123.0
127.0
124.0
125.0
126.0
123.0
123.0
121.0
115.0
123.0
127.0
124.0
125.0
126.0
123.0
123.0
121.0
115.0
123.0
127.0
124.0
125.0
126.0
123.0
123.0
121.0
115.0
123.0
127.0
124.0
125.0
126.0
123.0
123.0
121.0
115.0
123.0
127.0
124.0
125.0
126.0
123.0
123.0
121.0
115.0
123.0
127.0
124.0
125.0
126.0
123.0
123.0
121.0
115.0
123.0
127.0
124.0
125.0
126.0
123.0
123.0
121.0
115.0
123.0
127.0
124.0
125.0
126.0
123.0
123.0
121.0
115.0
123.0
127.0
124.0
125.0
126.0
123.0
123.0
121.0
115.0
123.0
127.0
124.0
125.0
126.0
123.0
123.0
121.0
115.0
123.0
127.0
124.0
125.0
126.0
123.0
123.0
121.0
115.0
123.0
127.0
124.0
125.0
126.0
123.0
123.0
121.0
115.0
123.0
127.0
124.0
125.0
126.0
123.0
123.0
121.0
115.0
123.0
127.0
124.0
125.0
126.0
123.0
123.0
121.0
115.0
123.0
127.0
124.0
125.0
126.0
123.0
123.0
121.0
115.0
123.0
127.0
124.0
125.0
126.0
123.0
123.0
121.0
115.0
123.0
127.0
124.0
125.0
126.0
123.0
123.0
121.0
115.0
123.0
127.0
124.0
125.0
126.0
123.0
123.0
121.0
115.0
123.0
127.0
124.0
125.0
126.0
123.0
123.0
121.0
115.0
123.0
127.0
124.0
125.0
126.0
123.0
123.0
121.0
115.0
123.0
127.0
124.0
125.0
126.0
123.0
123.0
121.0
115.0
123.0
127.0
124.0
125.0
126.0
123.0
123.0
121.0
115.0
123.0
127.0
124.0
125.0
126.0
123.0
123.0
121.0
115.0
123.0
127.0
124.0
125.0
126.0
123.0
123.0
121.0
115.0
123.0
127.0
124.0
125.0
126.0
123.0
123.0
121.0
115.0
123.0
127.0
124.0
125.0
126.0
123.0
123.0
121.0
115.0
123.0
127.0
124.0
125.0
126.0
123.0
123.0
121.0
115.0
123.0
127.0
124.0
125.0
126.0
123.0
123.0
121.0
115.0
123.0
127.0
124.0
125.0
126.0
123.0
123.0
121.0
115.0
123.0
127.0
124.0
125.0
126.0
123.0
123.0
121.0
115.0
123.0
127.0
124.0
125.0
126.0
123.0
123.0
121.0
115.0
123.0
127.0
124.0
125.0
126.0
123.0
123.0
121.0
115.0
123.0
127.0
124.0
125.0
126.0
123.0
123.0
121.0
115.0
123.0
127.0
124.0
125.0
126.0
123.0
123.0
121.0
115.0
123.0
127.0
124.0
125.0
126.0
123.0
123.0
121.0
115.0
123.0
127.0
124.0
125.0
126.0
123.0
123.0
121.0
115.0
123.0
127.0
124.0
125.0
126.0
123.0
123.0
121.0
115.0
123.0
127.0
124.0
125.0
126.0
123.0
123.0
121.0
115.0
123.0
127.0
124.0
125.0
126.0
123.0
123.0
121.0
115.0
123.0
127.0
124.0
125.0
126.0
123.0
123.0
121.0
115.0
123.0
127.0
124.0
125.0
126.0
123.0
123.0
121.0
115.0
123.0
127.0
124.0
125.0
126.0
123.0
123.0
121.0
115.0
123.0
127.0
124.0
125.0
126.0
123.0
123.0
121.0
115.0
123.0
127.0
124.0
125.0
126.0
123.0
123.0
121.0
115.0
123.0
127.0
124.0
125.0
126.0
123.0
123.0
121.0
115.0
123.0
127.0
124.0
125.0
126.0
123.0
123.0
121.0
115.0
123.0
127.0
124.0
125.0
126.0
123.0
123.0
121.0
115.0
123.0
127.0
124.0
125.0
126.0
123.0
123.0
121.0
115.0
123.0
127.0
124.0
125.0
126.0
123.0
123.0
121.0
115.0
123.0
127.0
124.0
125.0
126.0
123.0
123.0
121.0
115.0
123.0
127.0
124.0
125.0
126.0
123.0
123.0
121.0
115.0
123.0
127.0
124.0
125.0
126.0
123.0
123.0
121.0
115.0
123.0
127.0
124.0
125.0
126.0
123.0
123.0
121.0
115.0
123.0
127.0
124.0
125.0
126.0
123.0
123.0
121.0
115.0
123.0
127.0
124.0
125.0
126.0
123.0
123.0
121.0
115.0
123.0
127.0
124.0
125.0
126.0
123.0
123.0
121.0
115.0
123.0
127.0
124.0
125.0
126.0
123.0
123.0
121.0
115.0
123.0
127.0
124.0
125.0
126.0
123.0
123.0
121.0
115.0
123.0
127.0
124.0
125.0
126.0
123.0
123.0
121.0
115.0
123.0
127.0
124.0
125.0
126.0
123.0
123.0
121.0
115.0
123.0
127.0
124.0
125.0
126.0
123.0
123.0
121.0
115.0
123.0
127.0
124.0
125.0
126.0
123.0
123.0
121.0
115.0
123.0
127.0
123.0
125.0
126.0
123.0
123.0
121.0
115.0
123.0
127.0
123.0
125.0
126.0
123.0
123.0
121.0
115.0
123.0
127.0
123.0
125.0
126.0
123.0
123.0
121.0
115.0
123.0
127.0
123.0
125.0
126.0
123.0
123.0
121.0
115.0
123.0
127.0
123.0
125.0
126.0
123.0
123.0
121.0
115.0
123.0
127.0
123.0
125.0
126.0
123.0
123.0
121.0
115.0
123.0
127.0
123.0
125.0
126.0
123.0
123.0
121.0
115.0
123.0
127.0
123.0
125.0
126.0
123.0
123.0
121.0
115.0
123.0
127.0
123.0
125.0
126.0
123.0
123.0
121.0
115.0
123.0
127.0
123.0
125.0
126.0
123.0
123.0
121.0
115.0
123.0
127.0
123.0
125.0
126.0
123.0
123.0
121.0
115.0
123.0
127.0
123.0
125.0
126.0
123.0
123.0
121.0
115.0
123.0
127.0
123.0
125.0
126.0
123.0
123.0
121.0
115.0
123.0
127.0
123.0
125.0
126.0
123.0
123.0
121.0
115.0
123.0
127.0
123.0
125.0
126.0
123.0
123.0
121.0
115.0
123.0
127.0
123.0
125.0
126.0
123.0
123.0
121.0
