0.9
0.81
0.72
0.65
0.59
0.53
0.47
0.43
0.38
1.34
2.12
4.41
4.73
4.26
4.5
5.3
5.95
5.35
6.39
6.25
5.63
5.52
5.4
5.69
5.52
5.36
5.19
4.67
5.56
5.34
5.43
5.51
5.26
5.03
5.36
5.93
6.15
5.99
5.39
5.54
5.91
6.04
5.43
4.89
4.9
5.06
4.77
4.5
4.55
4.09
3.93
4.11
3.99
5.17
4.65
4.57
4.11
4.5
4.72
5.96
5.86
5.27
5.29
5.23
4.97
4.47
5.08
4.57
4.12
5.13
4.76
4.75
4.73
6.13
6.35
7.08
8.27
7.82
9.3
8.68
8.73
7.86
7.37
7.41
7.15
7.43
7.8
8.31
9.6
9.95
9.09
8.78
8.7
7.96
8.59
8.0
7.94
7.44
7.4
7.63
7.32
7.75
8.46
10.1
9.97
10.0
9.06
8.38
7.9
8.11
7.85
7.54
7.79
7.69
7.2
9.03
8.66
7.95
8.95
9.54
9.77
8.95
8.06
9.73
9.57
10.5
10.6
9.56
9.61
10.5
10.4
9.71
9.08
9.17
8.48
9.56
9.7
9.47
9.37
10.7
11.3
11.3
11.5
11.6
11.6
11.6
11.2
10.9
11.4
10.3
9.89
9.31
10.1
10.1
9.62
10.1
12.6
12.3
11.2
10.0
9.08
9.08
9.42
11.4
10.5
12.4
11.7
11.3
11.7
13.3
12.9
12.3
11.3
12.5
11.6
10.6
9.57
8.81
9.26
10.8
11.4
12.3
11.8
10.6
10.7
12.8
11.9
10.9
11.6
10.4
9.61
10.0
10.9
10.3
9.57
11.3
10.7
11.3
10.2
10.7
10.7
10.0
11.5
12.1
12.2
14.1
13.7
12.5
13.8
14.2
12.8
12.2
12.0
10.8
10.5
11.3
10.6
12.2
12.1
13.5
12.5
12.7
12.9
12.2
12.4
11.4
10.6
9.56
9.51
8.86
7.97
9.37
10.3
9.71
10.2
9.19
10.0
9.39
9.48
9.57
9.77
10.9
10.0
9.23
9.14
10.8
12.8
13.2
13.2
13.6
13.0
13.7
13.9
13.5
13.1
13.7
13.8
12.5
14.1
13.1
12.7
12.7
12.0
12.8
12.5
13.6
13.3
13.9
14.7
13.6
13.2
11.9
11.1
10.6
11.9
10.9
11.3
13.0
12.7
11.7
11.6
11.0
11.3
12.7
14.9
13.4
13.8
12.8
13.2
14.7
13.8
12.7
13.3
12.4
12.1
11.1
11.5
10.9
10.9
11.3
11.9
12.0
13.5
13.5
13.7
12.3
12.9
11.6
12.5
12.0
11.8
11.2
11.5
12.1
11.3
13.6
14.3
15.0
14.7
15.1
14.3
15.7
15.0
14.5
15.5
16.9
15.9
14.3
12.9
13.1
14.1
12.7
13.2
12.8
12.3
14.9
15.3
15.0
13.7
12.8
12.8
13.0
15.1
15.1
15.0
16.1
15.9
14.3
13.1
14.4
15.9
16.2
15.7
18.0
16.9
17.3
15.6
14.7
15.9
14.3
14.5
13.5
12.7
12.4
14.3
12.8
13.7
14.3
14.4
15.6
14.6
15.2
15.7
14.6
15.2
15.0
14.1
13.4
12.8
13.6
14.2
13.8
14.8
15.4
16.9
15.2
16.2
17.9
16.1
15.5
15.5
15.1
17.4
17.7
17.6
18.2
19.4
18.8
17.6
17.3
17.1
16.0
16.1
15.6
16.3
16.5
18.1
17.3
16.0
14.4
14.4
13.9
14.1
13.7
14.0
14.1
16.6
15.8
15.7
14.1
13.3
12.5
11.4
10.8
10.8
11.4
13.0
14.0
15.6
14.6
15.4
15.2
14.9
15.7
14.1
13.8
13.4
14.2
13.0
12.0
12.5
11.9
11.4
11.4
12.0
13.6
13.8
12.9
13.6
12.5
11.6
10.4
10.8
10.9
12.1
11.1
11.0
10.2
9.64
11.2
10.5
10.7
11.1
10.9
9.84
9.41
10.2
10.7
10.8
11.5
12.8
14.6
13.9
13.5
14.0
14.1
13.9
14.2
12.7
12.6
12.4
12.5
12.8
12.6
12.8
14.7
14.8
14.3
15.0
14.8
13.9
15.3
13.8
13.2
12.7
13.3
14.6
15.2
14.7
16.6
17.0
16.3
15.7
14.1
13.9
13.9
13.3
13.3
16.0
14.4
14.4
15.5
15.4
16.0
15.0
14.7
14.5
16.3
16.3
15.6
16.1
15.2
14.6
15.3
14.4
16.2
18.1
17.9
16.6
15.8
15.5
14.9
14.2
15.9
15.8
15.8
15.7
16.3
15.8
17.5
15.7
14.6
13.6
12.2
11.0
11.9
13.2
13.3
14.1
14.8
14.2
15.3
14.8
14.0
14.5
15.0
14.6
13.4
13.2
13.4
13.0
15.0
13.7
13.5
13.9
13.9
13.9
13.4
13.2
12.7
13.4
12.3
11.9
12.7
12.3
12.8
12.2
11.0
11.5
10.8
13.1
11.9
10.8
11.3
10.2
10.5
12.9
12.0
11.4
10.8
11.9
13.8
12.7
12.3
14.5
13.6
13.8
14.7
13.9
12.8
13.5
12.8
13.3
13.0
13.3
12.9
12.6
11.7
11.8
11.0
11.7
12.4
14.7
14.2
12.8
12.5
12.5
13.8
14.3
13.1
12.8
14.0
15.5
14.7
15.7
15.9
14.3
15.5
17.3
17.7
17.5
17.0
15.9
15.1
14.1
15.0
15.6
14.9
13.4
12.7
12.4
11.6
11.5
11.1
13.3
14.3
14.2
12.9
12.0
13.1
13.2
11.8
11.6
13.0
13.0
15.4
13.9
13.1
12.1
12.9
12.3
11.6
13.4
14.2
14.9
15.6
15.6
18.4
18.0
16.7
16.5
15.5
14.3
13.8
15.3
16.4
17.8
17.3
18.7
19.7
18.5
17.8
17.2
16.6
16.3
16.5
14.8
14.2
15.1
16.7
16.3
14.7
14.4
14.4
15.5
15.3
14.6
14.0
14.9
14.8
13.7
14.1
13.4
13.1
13.1
13.9
14.7
14.4
12.9
13.0
12.3
12.6
12.5
11.2
10.9
11.3
12.3
11.7
12.2
12.2
11.7
11.2
10.1
9.71
8.91
8.97
11.7
10.7
10.2
9.52
9.85
10.6
10.8
11.4
11.8
10.8
9.82
9.15
9.44
10.0
12.6
11.8
12.7
13.4
12.4
13.1
11.7
10.9
11.0
11.7
10.5
9.47
10.5
9.51
8.78
8.67
8.97
9.51
10.6
11.3
11.7
12.0
11.4
11.4
11.4
10.2
9.25
10.2
10.2
9.22
9.94
12.6
12.5
11.7
13.6
12.2
12.9
11.6
11.3
11.7
11.3
11.0
11.2
11.5
10.5
10.2
10.9
11.5
12.0
11.2
10.6
11.0
10.9
10.7
11.2
12.0
12.3
12.1
12.4
11.1
11.0
10.5
10.6
11.0
10.7
9.71
8.94
8.92
8.93
9.19
8.27
10.6
9.82
10.5
9.7
8.73
8.57
8.12
8.43
8.3
8.95
8.38
8.62
8.92
8.97
9.84
10.1
9.48
9.56
8.6
8.28
8.06
8.23
7.99
8.76
8.15
9.33
10.1
9.74
9.31
8.37
9.0
9.29
8.93
9.66
9.9
9.74
11.0
10.7
11.0
10.0
9.54
10.1
10.1
9.16
8.24
9.36
10.5
11.1
10.2
10.6
9.59
10.1
9.14
8.51
7.82
10.2
9.76
10.5
10.2
11.9
10.8
11.2
10.8
10.3
11.2
10.1
11.0
9.92
9.2
8.85
9.84
10.6
9.75
10.1
10.1
9.15
8.23
7.41
7.85
7.84
7.06
7.12
6.4
6.99
7.2
7.12
6.82
7.0
6.3
7.3
7.07
7.81
7.91
7.12
7.89
8.48
7.99
7.19
6.47
5.82
7.11
7.59
6.99
7.17
8.22
8.68
8.69
9.16
8.25
8.66
8.54
7.69
6.92
6.56
6.46
5.97
6.43
7.26
7.67
7.24
7.01
6.31
7.15
7.16
8.9
9.77
10.1
9.13
8.22
7.74
7.68
6.91
9.86
9.46
9.86
9.16
8.24
8.95
8.06
8.45
7.61
8.38
9.2
8.8
9.77
8.86
7.97
8.08
8.0
7.2
7.42
7.34
7.31
7.9
8.03
7.45
7.13
6.78
7.18
7.05
6.79
6.6
8.22
8.52
7.67
6.9
6.21
5.89
6.21
7.88
9.04
8.97
9.66
10.0
9.44
8.49
8.62
9.91
8.92
9.89
9.14
8.58
9.83
9.89
9.66
9.05
10.4
11.4
10.3
10.2
12.4
11.1
10.0
10.2
10.8
12.3
13.2
13.6
13.3
13.2
14.2
12.8
11.8
12.7
13.5
13.8
12.8
12.3
11.3
10.3
9.74
9.54
8.73
8.84
11.4
10.2
10.4
10.8
12.2
11.8
12.2
12.0
13.0
12.1
13.9
13.6
13.8
16.6
16.2
14.5
14.1
14.7
15.5
15.2
14.8
15.2
17.3
16.8
15.5
15.7
14.7
15.2
17.7
18.2
19.6
18.9
20.9
19.4
18.7
18.3
18.0
19.3
22.3
20.5
18.5
19.4
19.8
19.4
17.7
16.8
17.1
20.9
21.3
20.6
19.1
18.0
16.2
17.0
17.0
18.5
18.1
18.1
18.1
17.9
16.6
15.6
15.4
16.5
17.0
17.5
18.5
17.2
17.3
19.4
17.5
16.9
16.8
19.5
20.4
22.3
22.5
22.0
22.9
23.8
24.1
24.2
23.8
22.4
22.5
20.9
23.1
23.9
25.4
25.6
26.0
26.6
24.4
25.8
25.2
23.1
23.6
24.6
24.3
24.5
26.2
23.8
28.2
28.4
26.5
27.7
29.4
29.5
27.0
27.6
26.0
24.6
26.6
25.0
26.0
28.3
32.5
30.0
29.1
29.0
26.1
26.3
26.6
25.6
25.2
25.4
28.6
26.4
26.2
24.9
23.8
23.0
26.1
24.5
25.0
26.6
27.2
27.3
28.7
26.3
24.4
24.5
25.9
28.4
26.5
27.3
28.7
28.1
28.3
28.9
26.0
28.3
27.6
26.6
28.1
26.2
25.6
26.4
25.0
25.9
23.5
22.3
22.0
22.0
22.7
23.2
24.1
24.1
22.2
24.4
24.0
23.7
22.8
25.1
24.3
25.9
25.3
25.3
24.9
26.6
24.5
24.7
25.1
26.9
25.2
23.6
23.0
22.7
24.6
23.2
21.5
22.0
23.7
24.5
25.3
24.8
23.5
24.3
24.2
23.0
23.7
23.2
29.2
29.9
30.5
27.4
28.4
28.6
29.7
28.1
25.3
23.0
25.3
27.6
26.2
26.0
27.1
26.8
26.9
25.6
24.2
23.3
24.7
25.7
24.2
22.5
22.9
22.4
25.6
24.0
23.7
23.8
25.8
25.5
24.5
22.5
22.9
23.9
26.2
23.9
23.3
25.4
27.1
28.2
26.0
23.6
26.4
26.4
26.6
27.4
26.6
26.1
28.5
30.5
28.9
33.4
32.6
32.8
33.8
36.5
32.8
30.7
31.8
31.5
32.2
30.1
29.4
30.5
30.2
30.9
29.8
30.1
28.8
27.7
29.0
27.6
28.6
29.0
30.9
31.8
32.7
31.0
31.5
32.4
34.0
32.2
30.9
30.3
31.5
36.1
35.3
33.6
32.3
29.7
32.1
32.8
32.6
31.4
31.3
33.4
32.2
30.8
30.3
28.8
30.0
30.7
28.6
29.2
30.5
30.5
30.7
31.1
31.0
32.9
30.2
28.1
26.0
26.6
28.4
27.3
27.7
27.6
28.2
27.9
30.7
30.2
29.0
32.1
30.6
28.5
28.4
27.8
28.8
29.5
30.3
29.4
29.6
33.1
31.8
32.3
31.3
31.5
32.0
32.1
31.3
30.0
30.6
32.4
33.4
33.8
33.5
34.4
35.4
34.7
33.5
35.2
35.8
35.7
35.0
33.5
34.3
34.0
33.5
32.6
32.3
32.6
33.3
33.8
31.1
31.4
29.9
32.8
31.2
30.8
32.1
34.5
33.1
34.0
33.1
34.6
35.9
33.6
30.8
30.4
33.9
33.0
32.6
31.4
35.0
35.9
34.5
31.6
32.4
34.0
36.8
34.5
33.7
35.2
37.8
36.5
35.0
32.7
33.5
36.2
37.0
34.3
33.1
32.7
37.5
37.2
35.6
37.0
38.3
40.3
39.2
37.4
37.9
41.0
40.5
39.0
40.3
43.3
43.2
41.7
38.6
38.1
38.1
42.4
41.0
41.9
43.6
44.3
40.5
36.5
36.6
37.5
41.3
42.4
40.4
39.3
41.9
41.5
38.0
37.4
36.0
39.2
38.9
37.5
35.7
38.8
41.9
40.6
41.6
41.3
42.0
44.1
42.2
41.0
41.1
45.6
45.2
45.4
44.1
44.0
44.0
43.3
44.9
43.6
49.2
48.6
48.7
46.4
47.5
45.8
47.8
49.1
49.1
51.4
49.2
49.7
46.1
45.8
46.3
43.3
43.0
43.5
47.6
48.1
49.5
49.7
47.0
45.9
43.7
43.8
44.7
45.8
50.0
51.2
53.5
52.3
51.4
49.4
47.5
50.0
51.7
54.5
52.9
57.2
57.4
56.0
57.0
55.1
57.4
56.5
57.5
56.9
59.3
62.3
62.1
65.8
66.6
66.2
66.5
63.0
62.6
66.4
70.6
69.6
72.1
72.9
71.1
69.1
67.6
66.4
72.5
78.2
78.1
76.1
76.5
73.3
71.7
70.8
69.2
75.4
82.3
81.0
79.6
77.2
74.6
72.2
72.4
69.7
77.5
80.6
81.7
79.0
78.8
77.2
76.9
74.1
72.8
78.9
78.8
83.6
82.0
79.4
78.3
79.7
78.7
76.4
79.9
82.1
87.2
89.5
89.6
89.0
89.5
87.4
84.1
86.6
87.1
92.4
95.0
97.6
95.6
96.7
93.7
91.0
89.7
90.7
96.6
100.0
103.0
103.0
103.0
99.4
95.0
91.2
92.5
99.6
100.0
105.0
106.0
103.0
101.0
96.0
93.0
94.8
102.0
105.0
110.0
111.0
108.0
105.0
99.5
96.2
96.6
105.0
108.0
112.0
114.0
110.0
108.0
103.0
99.5
99.6
107.0
110.0
113.0
117.0
113.0
113.0
107.0
103.0
103.0
109.0
111.0
116.0
120.0
116.0
117.0
109.0
106.0
105.0
112.0
114.0
119.0
124.0
119.0
119.0
112.0
108.0
107.0
113.0
115.0
120.0
126.0
121.0
121.0
112.0
109.0
108.0
114.0
116.0
122.0
128.0
123.0
123.0
114.0
110.0
108.0
114.0
116.0
123.0
128.0
124.0
124.0
115.0
111.0
109.0
115.0
116.0
124.0
129.0
126.0
126.0
117.0
113.0
111.0
117.0
118.0
127.0
130.0
127.0
127.0
117.0
113.0
112.0
117.0
119.0
127.0
131.0
128.0
127.0
118.0
114.0
112.0
118.0
119.0
127.0
131.0
128.0
127.0
118.0
114.0
112.0
118.0
119.0
127.0
131.0
128.0
127.0
118.0
114.0
112.0
118.0
120.0
128.0
132.0
129.0
128.0
119.0
114.0
113.0
118.0
121.0
129.0
132.0
129.0
128.0
119.0
115.0
113.0
118.0
121.0
129.0
133.0
129.0
129.0
119.0
115.0
113.0
119.0
121.0
129.0
133.0
129.0
129.0
119.0
115.0
113.0
119.0
121.0
129.0
133.0
129.0
129.0
119.0
115.0
113.0
119.0
121.0
129.0
133.0
129.0
129.0
119.0
115.0
113.0
119.0
121.0
129.0
133.0
129.0
129.0
119.0
115.0
113.0
119.0
121.0
129.0
133.0
129.0
129.0
119.0
115.0
113.0
119.0
121.0
129.0
133.0
129.0
129.0
119.0
115.0
113.0
119.0
121.0
129.0
133.0
129.0
129.0
119.0
115.0
113.0
119.0
121.0
129.0
133.0
129.0
129.0
119.0
115.0
113.0
119.0
121.0
129.0
133.0
129.0
129.0
119.0
115.0
113.0
119.0
121.0
129.0
133.0
129.0
129.0
119.0
115.0
113.0
119.0
121.0
129.0
133.0
129.0
129.0
119.0
115.0
113.0
119.0
121.0
129.0
133.0
129.0
129.0
119.0
115.0
113.0
119.0
121.0
129.0
133.0
129.0
129.0
119.0
115.0
113.0
119.0
121.0
129.0
133.0
129.0
129.0
119.0
115.0
113.0
119.0
121.0
129.0
133.0
129.0
129.0
119.0
115.0
113.0
119.0
121.0
129.0
133.0
129.0
129.0
119.0
115.0
113.0
119.0
121.0
129.0
133.0
129.0
129.0
119.0
115.0
113.0
119.0
121.0
129.0
133.0
129.0
129.0
119.0
115.0
113.0
119.0
121.0
129.0
133.0
129.0
129.0
119.0
115.0
113.0
119.0
121.0
129.0
133.0
129.0
129.0
119.0
115.0
113.0
119.0
121.0
129.0
133.0
129.0
129.0
119.0
115.0
113.0
119.0
121.0
129.0
133.0
129.0
129.0
119.0
115.0
113.0
119.0
121.0
129.0
133.0
129.0
129.0
119.0
115.0
113.0
119.0
121.0
129.0
133.0
129.0
129.0
119.0
115.0
113.0
119.0
121.0
129.0
133.0
129.0
129.0
119.0
115.0
113.0
119.0
121.0
129.0
133.0
129.0
129.0
119.0
115.0
113.0
119.0
121.0
129.0
133.0
129.0
129.0
119.0
115.0
113.0
119.0
121.0
129.0
133.0
129.0
129.0
119.0
115.0
113.0
119.0
121.0
129.0
133.0
129.0
129.0
119.0
115.0
113.0
119.0
121.0
129.0
133.0
129.0
129.0
119.0
115.0
113.0
119.0
121.0
129.0
133.0
129.0
129.0
119.0
115.0
113.0
119.0
121.0
129.0
133.0
129.0
129.0
119.0
115.0
113.0
119.0
121.0
129.0
133.0
129.0
129.0
119.0
115.0
113.0
119.0
121.0
129.0
133.0
129.0
129.0
119.0
115.0
113.0
119.0
121.0
129.0
133.0
129.0
129.0
119.0
115.0
113.0
119.0
121.0
129.0
133.0
129.0
129.0
119.0
115.0
113.0
119.0
121.0
129.0
133.0
129.0
129.0
119.0
115.0
113.0
119.0
121.0
129.0
133.0
129.0
129.0
119.0
115.0
113.0
119.0
121.0
129.0
133.0
129.0
129.0
119.0
115.0
113.0
119.0
121.0
129.0
133.0
129.0
129.0
119.0
115.0
113.0
119.0
121.0
129.0
133.0
129.0
129.0
119.0
115.0
113.0
119.0
121.0
129.0
133.0
129.0
129.0
119.0
115.0
113.0
119.0
121.0
129.0
133.0
129.0
129.0
119.0
115.0
113.0
119.0
121.0
129.0
133.0
129.0
129.0
119.0
115.0
113.0
119.0
121.0
129.0
133.0
129.0
129.0
119.0
115.0
113.0
119.0
121.0
129.0
133.0
129.0
129.0
119.0
115.0
113.0
119.0
121.0
129.0
133.0
129.0
129.0
119.0
115.0
113.0
119.0
121.0
129.0
133.0
129.0
129.0
119.0
115.0
113.0
119.0
121.0
129.0
133.0
129.0
129.0
119.0
115.0
113.0
119.0
121.0
129.0
133.0
129.0
129.0
119.0
115.0
113.0
119.0
121.0
129.0
133.0
129.0
129.0
119.0
115.0
113.0
119.0
121.0
129.0
133.0
129.0
129.0
119.0
115.0
113.0
119.0
121.0
129.0
133.0
129.0
129.0
119.0
115.0
113.0
119.0
121.0
129.0
133.0
129.0
129.0
119.0
115.0
113.0
119.0
121.0
129.0
133.0
129.0
129.0
119.0
115.0
113.0
119.0
121.0
129.0
133.0
129.0
129.0
119.0
115.0
113.0
119.0
121.0
129.0
133.0
129.0
129.0
119.0
115.0
113.0
119.0
121.0
129.0
133.0
129.0
129.0
119.0
115.0
113.0
119.0
121.0
129.0
133.0
129.0
129.0
119.0
115.0
113.0
119.0
121.0
129.0
133.0
129.0
129.0
119.0
115.0
113.0
119.0
121.0
129.0
133.0
129.0
129.0
119.0
115.0
113.0
119.0
121.0
129.0
133.0
129.0
129.0
119.0
115.0
113.0
119.0
121.0
129.0
133.0
129.0
129.0
119.0
115.0
113.0
119.0
121.0
129.0
133.0
129.0
129.0
119.0
115.0
113.0
119.0
121.0
129.0
133.0
129.0
129.0
119.0
115.0
113.0
119.0
121.0
129.0
133.0
129.0
129.0
119.0
115.0
113.0
119.0
121.0
129.0
133.0
129.0
129.0
119.0
115.0
113.0
119.0
121.0
129.0
133.0
129.0
129.0
119.0
115.0
113.0
119.0
121.0
129.0
133.0
129.0
129.0
119.0
115.0
113.0
119.0
121.0
129.0
133.0
129.0
129.0
119.0
115.0
113.0
119.0
121.0
129.0
133.0
129.0
129.0
119.0
115.0
113.0
119.0
121.0
129.0
133.0
129.0
129.0
119.0
115.0
113.0
119.0
121.0
129.0
133.0
129.0
129.0
119.0
115.0
113.0
119.0
121.0
129.0
133.0
129.0
129.0
119.0
115.0
113.0
119.0
121.0
129.0
133.0
129.0
129.0
119.0
115.0
113.0
119.0
121.0
129.0
133.0
129.0
129.0
119.0
115.0
113.0
119.0
121.0
129.0
133.0
129.0
129.0
119.0
115.0
113.0
119.0
121.0
129.0
133.0
129.0
129.0
118.0
114.0
112.0
118.0
120.0
128.0
132.0
129.0
128.0
117.0
113.0
112.0
117.0
120.0
128.0
132.0
129.0
128.0
118.0
114.0
112.0
118.0
120.0
128.0
132.0
129.0
129.0
117.0
113.0
112.0
117.0
120.0
128.0
132.0
129.0
130.0
118.0
114.0
112.0
118.0
120.0
128.0
132.0
129.0
130.0
118.0
114.0
113.0
118.0
121.0
127.0
131.0
128.0
130.0
118.0
114.0
112.0
118.0
120.0
127.0
131.0
128.0
129.0
118.0
114.0
112.0
118.0
121.0
127.0
131.0
128.0
130.0
118.0
114.0
112.0
117.0
120.0
127.0
130.0
127.0
129.0
117.0
113.0
112.0
116.0
120.0
127.0
130.0
127.0
129.0
117.0
113.0
112.0
116.0
120.0
128.0
131.0
127.0
129.0
117.0
113.0
112.0
116.0
120.0
128.0
131.0
128.0
130.0
118.0
114.0
112.0
117.0
120.0
128.0
132.0
129.0
130.0
118.0
114.0
113.0
117.0
121.0
129.0
132.0
129.0
131.0
119.0
114.0
113.0
117.0
121.0
129.0
133.0
129.0
131.0
119.0
115.0
113.0
117.0
121.0
129.0
133.0
129.0
131.0
119.0
115.0
113.0
117.0
121.0
129.0
133.0
129.0
131.0
119.0
115.0
113.0
117.0
121.0
129.0
133.0
129.0
131.0
119.0
115.0
113.0
117.0
121.0
129.0
133.0
129.0
131.0
119.0
115.0
113.0
117.0
121.0
129.0
133.0
129.0
131.0
119.0
115.0
113.0
117.0
121.0
129.0
133.0
129.0
131.0
119.0
115.0
113.0
117.0
121.0
129.0
133.0
129.0
131.0
119.0
115.0
113.0
117.0
121.0
129.0
133.0
129.0
131.0
119.0
115.0
113.0
117.0
121.0
129.0
133.0
129.0
131.0
119.0
115.0
113.0
117.0
121.0
129.0
133.0
129.0
131.0
119.0
115.0
113.0
117.0
121.0
129.0
133.0
129.0
131.0
119.0
115.0
113.0
117.0
121.0
129.0
133.0
129.0
131.0
119.0
115.0
113.0
117.0
121.0
129.0
133.0
129.0
131.0
119.0
115.0
113.0
117.0
121.0
129.0
133.0
129.0
131.0
119.0
115.0
113.0
117.0
121.0
129.0
133.0
129.0
131.0
119.0
115.0
113.0
117.0
121.0
129.0
133.0
129.0
131.0
119.0
115.0
113.0
117.0
121.0
129.0
133.0
129.0
131.0
119.0
115.0
113.0
117.0
121.0
129.0
133.0
129.0
131.0
119.0
115.0
113.0
117.0
121.0
129.0
133.0
129.0
131.0
119.0
115.0
113.0
117.0
121.0
129.0
133.0
129.0
131.0
119.0
115.0
113.0
117.0
121.0
129.0
133.0
129.0
131.0
119.0
115.0
113.0
117.0
121.0
129.0
133.0
129.0
131.0
119.0
115.0
113.0
117.0
121.0
129.0
133.0
129.0
131.0
119.0
115.0
113.0
117.0
121.0
129.0
133.0
129.0
131.0
119.0
115.0
113.0
117.0
121.0
129.0
133.0
129.0
131.0
119.0
115.0
113.0
117.0
121.0
129.0
133.0
129.0
131.0
119.0
115.0
113.0
117.0
121.0
129.0
133.0
129.0
131.0
119.0
115.0
113.0
117.0
121.0
129.0
133.0
129.0
131.0
119.0
115.0
113.0
117.0
121.0
129.0
133.0
129.0
131.0
119.0
115.0
113.0
117.0
121.0
129.0
133.0
129.0
131.0
119.0
115.0
113.0
117.0
121.0
129.0
133.0
129.0
131.0
119.0
115.0
113.0
117.0
121.0
129.0
133.0
129.0
131.0
119.0
115.0
113.0
117.0
121.0
129.0
133.0
129.0
131.0
119.0
115.0
113.0
117.0
121.0
129.0
133.0
129.0
131.0
119.0
115.0
113.0
117.0
121.0
129.0
133.0
129.0
131.0
119.0
115.0
113.0
117.0
121.0
129.0
133.0
129.0
131.0
119.0
115.0
113.0
117.0
121.0
129.0
133.0
129.0
131.0
119.0
115.0
113.0
117.0
