0.9
0.81
0.72
0.65
0.59
0.53
0.47
0.43
1.49
3.34
3.01
3.54
3.19
5.01
4.51
4.06
4.24
4.93
4.43
4.49
5.47
5.38
6.82
7.39
6.65
8.63
9.25
8.68
8.99
9.76
11.3
10.2
10.3
10.3
11.3
10.4
10.5
11.1
11.9
10.7
10.4
10.7
12.1
11.3
11.8
10.7
12.3
11.1
12.0
11.8
12.0
13.9
13.0
12.6
14.2
14.4
14.7
14.0
14.0
13.3
12.7
12.5
12.3
12.0
12.2
11.2
10.6
10.1
10.8
10.1
9.8
9.38
9.9
11.0
10.2
11.0
10.1
9.1
9.32
8.39
8.05
9.23
9.21
8.29
9.28
9.93
9.1
9.76
9.63
12.5
14.3
13.4
12.3
12.8
11.8
11.8
12.6
12.7
11.4
11.7
10.8
11.4
11.7
10.5
10.1
9.36
8.67
7.8
7.51
7.06
6.68
6.01
6.41
5.9
6.35
5.72
5.54
5.97
7.38
8.58
8.38
9.85
9.53
8.58
7.72
7.83
7.55
7.23
6.51
7.25
8.63
10.6
11.8
11.9
10.7
10.0
9.06
8.15
8.23
8.1
7.48
7.48
6.74
6.06
6.18
7.19
7.09
6.58
7.77
7.28
9.5
9.61
9.95
8.96
9.66
9.29
9.36
9.43
9.71
8.74
8.68
8.62
8.58
9.3
8.72
8.43
8.89
8.71
10.4
9.4
8.46
9.11
9.55
11.5
11.8
11.0
11.4
12.0
12.4
11.6
10.4
9.72
10.5
13.7
14.4
12.9
12.2
11.9
12.5
12.6
11.3
12.1
12.2
13.2
14.0
14.4
13.9
14.6
14.0
13.0
12.7
14.0
14.8
15.3
14.9
13.9
14.2
13.1
12.7
13.3
12.3
12.0
11.0
9.92
9.84
9.33
9.31
9.21
9.49
11.0
10.3
10.5
10.4
10.1
10.9
10.3
9.94
10.2
9.9
9.2
9.8
10.8
10.1
9.32
10.2
11.2
10.5
11.6
11.8
11.8
11.4
10.8
10.8
10.5
10.5
11.8
12.1
12.4
12.7
12.2
14.3
12.9
12.1
10.9
12.1
11.9
11.4
12.6
12.5
11.8
11.3
10.2
11.5
11.0
10.6
9.79
9.31
11.1
11.6
11.8
10.6
10.8
12.4
11.1
11.1
10.6
10.5
11.5
12.6
11.3
11.6
12.1
11.2
11.1
10.6
9.58
10.5
9.73
10.1
9.43
12.2
10.9
10.3
9.44
8.5
8.3
7.98
8.81
7.93
10.0
11.7
10.5
10.1
10.1
10.6
10.6
12.6
12.8
12.7
12.8
11.5
11.8
16.2
15.9
15.4
15.1
14.8
15.3
15.3
14.2
14.1
15.6
16.8
15.1
14.3
15.7
14.3
13.2
13.8
15.4
15.3
15.4
14.8
14.8
13.5
13.1
12.3
11.7
13.5
12.7
11.6
12.1
12.8
11.5
12.1
11.9
11.4
11.6
10.7
13.9
13.0
12.7
12.5
12.1
10.9
12.3
12.6
11.8
11.3
12.2
11.6
12.6
12.1
11.8
10.8
10.7
10.1
9.89
9.17
10.6
11.0
10.6
10.1
11.8
11.9
10.7
9.98
10.2
9.19
8.48
7.85
7.49
7.23
6.5
5.85
5.55
5.82
6.24
5.62
5.41
5.87
5.78
6.32
5.69
5.9
5.67
6.1
6.54
8.12
7.9
8.54
9.07
8.59
7.73
8.98
8.78
8.8
9.08
9.2
10.2
10.2
9.22
8.57
7.89
8.96
8.06
8.04
9.81
10.3
9.46
8.95
8.05
7.83
8.24
8.73
8.76
7.89
7.1
6.39
5.75
6.62
5.95
6.28
6.13
6.52
6.29
5.92
6.45
7.27
8.92
10.3
10.1
9.79
9.09
8.99
8.48
8.81
9.66
8.94
8.05
9.22
8.3
8.9
10.3
11.2
10.3
11.6
10.4
10.0
9.03
9.65
9.52
10.5
10.1
10.1
9.48
10.5
10.9
10.2
9.61
10.1
11.4
12.6
11.8
11.6
12.2
11.3
11.6
12.3
13.6
15.4
15.0
15.4
15.5
15.1
14.8
14.7
14.3
13.8
13.2
14.2
14.1
13.1
12.9
13.7
12.6
12.2
12.1
12.2
11.0
10.1
10.6
9.62
10.0
9.61
9.27
9.61
12.3
12.4
11.5
10.9
11.2
10.9
10.5
10.6
10.2
9.92
10.3
12.4
11.7
10.9
10.7
12.1
11.5
10.4
11.4
10.2
11.5
12.1
13.0
11.7
12.1
11.1
11.3
10.4
10.4
10.7
9.86
9.26
9.41
9.47
9.5
9.03
10.8
10.8
11.1
11.9
10.7
10.9
9.99
9.82
9.89
10.0
9.02
8.29
8.3
7.82
7.24
8.18
8.83
9.15
11.4
11.0
9.98
10.3
9.74
10.4
9.66
8.69
8.53
9.51
9.5
9.26
9.5
9.85
10.2
10.1
10.4
9.79
10.7
9.65
9.4
9.84
10.5
9.51
10.9
10.3
9.75
11.3
10.6
9.84
10.3
11.2
11.4
10.7
11.2
10.9
11.0
12.2
10.9
11.9
11.3
11.4
11.0
11.7
11.9
10.7
11.8
11.3
13.2
13.7
12.3
11.9
10.7
10.8
10.0
9.98
8.98
9.56
9.57
9.98
9.96
11.1
10.2
10.8
10.2
9.59
9.58
9.29
8.81
9.93
8.94
8.04
8.24
7.41
6.98
7.8
9.62
10.3
9.33
10.3
10.4
10.4
9.85
9.49
8.68
8.81
8.12
9.35
8.41
7.81
9.77
9.96
8.97
10.2
11.6
10.7
11.0
9.95
9.37
9.15
8.23
8.57
9.45
9.01
8.11
8.64
7.77
7.89
7.77
7.62
8.99
10.2
10.3
9.84
10.3
10.6
9.89
8.9
8.88
8.29
7.81
8.76
7.89
7.41
7.44
6.69
7.92
7.2
7.04
7.6
7.08
7.0
7.23
9.53
8.58
7.72
7.55
8.47
9.27
8.34
8.24
9.52
8.95
9.05
9.06
8.68
9.97
9.66
9.31
9.4
10.0
9.61
9.39
10.9
10.2
9.86
9.74
11.5
12.6
11.3
10.2
10.2
9.29
9.56
9.41
9.35
9.85
10.1
10.5
10.3
9.85
9.93
10.0
10.3
10.9
10.2
10.2
9.19
8.4
8.09
7.28
6.9
6.83
6.15
6.12
7.62
7.57
7.92
8.28
7.45
7.2
7.87
8.35
7.94
7.14
7.22
6.49
7.23
6.66
5.99
5.85
5.26
5.73
5.75
5.17
4.87
6.21
6.21
6.23
5.61
5.05
6.1
5.49
5.43
5.41
5.41
5.04
4.53
4.39
4.47
4.02
3.62
4.22
4.12
4.01
3.61
3.25
3.68
3.31
2.98
2.68
3.52
4.17
4.27
4.5
4.05
3.85
3.46
3.32
3.55
3.19
3.11
3.39
3.68
3.32
2.98
4.0
3.95
3.91
4.17
3.76
4.2
4.03
4.01
4.91
4.42
4.77
4.29
6.44
6.16
5.54
5.28
5.52
5.32
5.99
5.81
7.02
8.11
8.09
8.01
8.04
9.11
8.46
8.95
8.06
7.37
7.31
8.09
8.24
9.84
9.16
8.82
8.56
9.91
10.6
10.3
9.6
9.2
8.42
8.79
8.25
7.73
8.03
7.58
8.37
7.74
7.74
7.3
7.9
7.11
7.69
8.4
8.17
8.76
9.65
10.2
9.72
9.87
9.13
8.98
10.4
9.89
10.5
9.51
10.6
9.54
10.8
10.4
10.5
9.81
10.0
9.71
11.1
11.2
10.1
10.0
10.7
10.2
10.4
9.74
8.77
8.97
10.4
9.39
8.45
7.6
6.93
7.01
7.68
7.78
8.53
7.67
9.03
9.62
8.97
8.4
9.38
8.59
7.97
7.4
6.66
6.88
7.6
8.95
8.05
8.34
8.71
8.2
8.99
10.1
11.4
12.8
11.5
10.5
10.1
9.75
9.36
10.1
10.2
13.7
12.3
11.1
10.3
10.2
11.2
11.5
11.8
13.6
12.4
12.1
11.6
10.6
11.0
10.3
10.4
9.37
8.51
8.13
9.77
11.0
10.3
11.4
11.6
11.4
11.2
10.0
9.08
8.41
8.07
7.51
7.87
7.5
6.75
6.88
6.94
7.31
7.23
6.73
6.06
5.45
6.63
6.69
7.14
7.4
7.37
6.63
6.5
6.14
6.61
5.95
7.78
8.36
9.07
8.31
7.48
7.45
6.7
6.03
5.89
5.41
6.41
7.65
8.12
8.6
7.74
8.56
8.26
7.44
7.81
7.59
7.08
6.7
6.41
6.34
5.71
5.31
4.78
4.3
4.64
5.48
5.41
4.99
4.7
4.69
4.31
3.88
3.84
5.11
5.26
5.57
5.02
4.63
4.17
5.55
4.99
4.49
6.57
6.91
7.06
6.48
5.83
5.25
4.72
7.17
6.45
6.9
6.43
6.7
6.28
6.23
5.61
5.3
4.77
4.39
5.26
5.15
5.81
5.84
7.36
6.7
6.19
5.57
6.35
6.15
6.63
6.41
5.77
5.34
5.43
5.25
5.35
5.56
5.01
5.03
4.8
4.56
4.1
4.33
4.46
5.3
5.49
5.57
5.69
7.53
6.78
6.1
6.26
5.83
6.75
6.29
5.98
5.81
6.07
6.85
7.16
7.55
6.8
6.41
5.77
5.92
6.93
6.62
6.87
6.18
6.4
5.76
6.53
8.05
7.41
7.18
7.34
6.6
6.24
5.99
5.39
5.57
6.15
6.66
7.37
7.23
7.46
7.4
6.66
7.63
7.87
7.52
7.18
6.47
7.14
8.24
8.13
7.72
6.95
8.9
8.32
8.18
7.58
8.18
7.36
6.94
6.24
7.19
7.58
8.1
7.37
6.63
7.51
8.21
9.16
9.01
8.11
7.86
7.39
7.98
8.34
7.75
8.11
8.1
7.57
7.76
7.75
6.97
6.72
7.25
7.08
7.56
7.91
7.62
7.97
7.82
7.9
7.11
7.61
7.35
6.84
7.41
7.18
7.13
7.32
7.48
6.95
6.79
7.03
9.01
8.11
8.43
7.84
7.89
8.13
8.32
7.57
7.7
7.42
7.68
6.91
6.22
6.21
7.43
8.27
7.44
7.33
6.59
5.93
5.34
5.28
5.59
5.03
5.99
5.74
5.47
4.92
5.46
6.21
5.59
5.81
6.1
6.73
6.5
7.15
6.44
6.79
7.04
6.34
6.09
5.74
6.17
6.77
7.11
6.58
7.67
7.67
7.32
8.23
8.49
9.37
8.43
8.1
7.29
6.97
6.89
6.85
6.88
7.19
7.5
6.75
6.3
6.3
6.26
5.63
5.94
5.91
5.53
5.43
5.8
5.22
4.69
5.46
5.76
6.17
8.2
8.04
7.37
6.63
6.4
6.02
5.42
5.23
4.81
5.67
6.48
7.72
8.13
7.31
7.6
9.26
9.33
8.4
7.56
9.83
9.72
8.75
7.87
7.27
7.67
7.23
8.13
7.58
7.64
6.88
6.73
6.22
5.82
6.21
5.59
6.15
6.13
6.73
6.56
6.35
5.71
6.18
5.74
5.67
5.1
8.67
7.81
7.29
6.87
6.73
7.5
7.01
6.31
6.7
6.03
5.43
5.88
5.85
6.63
5.97
6.03
6.1
5.49
5.32
5.56
5.79
6.38
6.28
6.32
6.87
7.55
7.12
7.51
6.76
6.48
6.12
5.51
5.58
5.45
4.9
4.62
4.5
5.0
5.93
6.01
5.41
5.28
5.23
5.47
4.92
4.43
4.75
4.28
3.85
4.94
5.22
4.69
5.06
4.94
4.45
4.48
4.76
5.15
6.16
7.16
10.0
9.36
9.28
8.35
7.52
8.09
7.49
7.4
7.77
7.66
7.55
6.91
7.22
7.26
7.4
8.83
9.12
9.66
11.4
10.3
9.77
10.1
9.88
10.5
9.5
9.66
9.08
8.17
8.26
10.7
9.67
9.32
9.12
9.51
8.56
8.7
7.83
7.04
7.4
7.73
9.85
8.87
8.44
9.75
9.72
8.81
8.06
9.27
9.4
10.6
10.4
10.2
12.4
11.3
10.2
9.57
9.41
8.47
10.0
9.06
8.74
8.9
8.95
9.93
10.6
11.4
11.5
10.7
11.7
12.8
12.8
11.9
12.2
12.4
11.6
10.4
9.67
9.14
10.1
10.6
9.61
9.4
9.21
9.22
9.75
9.83
10.1
9.68
9.15
9.58
8.94
9.79
11.5
11.2
11.6
11.0
11.9
10.9
10.7
9.86
10.0
9.43
10.5
10.6
10.3
10.8
11.8
10.6
9.56
8.85
8.74
9.15
9.22
8.4
8.0
7.72
6.95
7.75
8.53
8.32
8.15
8.25
8.14
8.37
10.1
10.0
9.01
8.29
9.37
9.61
9.73
10.0
10.3
9.82
11.5
11.0
9.91
9.92
9.83
10.9
10.9
11.0
11.2
11.9
10.8
11.2
10.0
10.5
10.8
10.8
10.7
10.6
9.61
11.2
11.6
10.5
9.46
9.28
9.32
8.39
7.55
8.1
7.7
7.72
7.62
7.69
6.92
7.13
7.42
6.67
6.79
6.73
6.78
8.05
7.72
7.66
8.48
8.93
8.56
8.27
9.12
9.28
9.91
10.0
9.72
8.74
9.96
9.34
9.59
8.63
7.76
7.48
8.37
8.16
7.85
9.64
10.1
11.3
10.6
9.82
9.37
9.87
9.37
9.47
8.52
8.58
9.1
8.64
7.77
6.99
7.44
6.93
6.71
7.01
7.23
7.07
6.36
6.12
7.59
7.6
6.84
7.06
6.8
6.12
7.82
7.9
7.87
7.26
6.53
6.54
5.89
5.72
5.97
7.28
6.71
6.04
6.04
5.85
6.51
5.86
5.27
7.26
6.82
6.7
7.28
6.93
6.9
7.21
7.01
6.31
6.0
6.4
6.81
7.83
8.11
8.05
7.64
6.87
7.19
6.47
6.66
6.24
6.21
6.59
6.92
7.83
7.25
6.65
6.31
5.96
6.2
7.09
8.76
8.45
8.9
8.18
8.0
8.03
7.62
7.4
7.49
7.5
7.64
7.76
7.28
7.15
8.2
8.18
8.23
8.52
8.42
7.58
8.56
7.82
7.54
7.71
7.44
6.96
6.42
6.2
5.58
5.02
4.95
5.22
7.73
6.96
6.79
6.63
7.1
7.82
7.97
7.18
7.02
6.57
7.53
7.34
7.15
8.16
8.93
8.03
7.6
8.09
7.37
9.66
10.1
9.91
9.78
11.6
11.9
11.0
9.98
8.98
8.25
8.75
9.88
9.79
9.81
9.68
10.5
10.7
10.4
10.2
9.68
8.98
9.7
8.87
8.68
11.0
11.3
12.9
12.0
11.8
11.7
11.6
10.7
9.71
9.34
10.9
10.3
11.5
10.3
9.86
10.7
9.69
9.18
8.7
8.53
7.67
8.51
7.88
8.31
9.33
9.29
8.36
8.26
7.43
6.69
7.5
8.72
8.16
8.17
8.46
8.96
8.06
8.15
7.34
7.14
6.43
7.52
7.09
9.48
8.87
8.99
9.3
10.2
9.75
9.5
10.1
9.86
10.9
11.1
11.2
11.1
11.3
10.6
10.4
10.0
9.35
9.1
9.05
8.14
7.74
9.93
10.1
9.16
9.91
9.27
9.63
9.52
10.0
9.01
8.45
8.01
7.2
7.67
6.9
8.06
7.6
6.84
7.27
7.72
7.82
7.32
9.67
9.0
9.1
10.1
10.4
10.4
10.0
9.23
9.6
9.65
10.5
10.1
9.66
10.4
10.0
9.11
9.78
9.25
9.55
8.6
8.06
8.16
7.35
8.16
8.03
7.23
6.85
7.88
7.63
8.28
8.42
8.35
8.7
9.39
9.12
8.87
8.8
7.92
7.53
7.04
6.6
6.95
7.96
7.56
7.69
7.05
8.33
7.62
9.56
9.07
8.54
7.69
9.4
8.46
9.21
8.6
8.07
8.1
7.77
6.99
6.75
7.03
7.32
7.15
7.97
8.04
7.23
7.18
6.92
6.66
6.88
7.42
8.51
7.65
8.04
9.22
9.04
8.6
8.89
8.52
7.67
7.08
8.83
9.77
8.8
8.71
7.92
8.02
8.51
8.37
7.77
7.54
7.74
7.55
6.98
7.24
6.52
7.02
6.83
7.32
6.59
6.84
8.11
8.01
8.33
7.94
7.84
7.39
7.56
7.0
8.07
7.49
7.43
7.13
8.17
7.69
8.25
7.43
6.68
6.02
5.41
5.46
5.41
4.87
4.48
4.74
4.45
5.16
5.51
5.76
5.54
4.99
5.42
5.43
5.52
5.77
5.19
5.11
4.85
4.9
5.07
4.84
4.7
4.51
4.05
4.32
4.38
4.42
4.29
4.71
5.15
6.03
5.42
5.68
5.27
5.46
6.7
6.73
8.59
8.84
8.17
7.71
7.51
7.8
7.79
8.49
7.64
6.88
6.19
5.94
6.18
7.04
7.21
7.07
8.2
9.13
8.22
7.63
7.17
7.48
7.88
7.09
8.2
7.85
8.06
7.25
8.38
9.12
9.25
9.54
8.59
8.94
8.41
8.1
8.0
8.27
8.27
7.88
8.98
8.37
9.32
9.67
10.1
9.16
9.18
8.81
8.24
8.09
8.05
8.36
8.19
8.49
8.45
7.91
9.04
9.86
9.04
8.47
7.96
7.26
7.16
6.54
7.11
7.4
7.62
6.85
7.67
9.04
8.43
8.77
9.48
8.85
8.1
8.96
8.31
9.35
9.53
10.0
9.02
9.45
9.74
8.89
8.42
7.88
7.49
7.86
7.08
7.08
7.5
8.53
9.17
9.21
8.46
8.62
8.07
10.2
10.2
11.0
10.7
11.4
10.5
10.4
10.6
10.2
11.3
10.2
9.82
10.0
9.5
10.4
10.8
10.9
10.4
9.95
10.1
9.37
9.29
11.7
11.6
11.7
11.5
11.1
10.0
9.0
8.77
8.54
9.78
10.1
10.2
11.1
10.1
9.62
9.25
8.33
7.69
8.71
8.84
7.96
7.16
7.98
8.09
9.51
10.1
9.55
8.6
7.92
9.51
8.86
8.35
7.51
8.09
8.15
7.72
8.82
8.02
7.22
8.41
7.77
7.44
6.69
7.68
8.24
7.69
8.07
7.26
7.85
7.07
6.85
6.35
6.27
6.75
7.08
8.26
7.59
6.96
8.46
8.4
8.67
9.92
9.54
8.98
8.65
8.29
7.79
7.96
7.5
7.94
10.8
10.6
10.0
10.2
9.18
8.4
8.62
8.32
8.26
8.07
9.17
8.25
9.5
9.49
10.7
10.0
10.4
9.41
10.0
9.91
9.05
8.14
8.5
7.65
8.0
7.53
7.14
8.15
8.04
7.33
6.93
6.23
6.18
6.79
6.97
7.68
8.78
8.62
8.48
9.34
8.89
9.03
9.64
9.79
8.81
7.93
7.13
6.67
6.81
7.39
7.42
8.4
9.41
9.49
11.0
11.0
10.6
11.2
10.3
11.1
10.4
10.7
9.95
11.0
12.0
13.4
12.5
12.1
13.1
13.1
12.6
12.1
11.4
10.9
12.5
12.0
10.8
10.2
9.22
10.4
11.1
10.9
11.6
11.5
12.6
13.0
12.4
11.1
10.3
11.3
11.9
11.2
14.2
13.0
13.7
12.9
12.7
13.8
13.5
12.8
13.2
14.9
15.0
14.2
13.8
13.4
12.1
10.9
12.4
11.6
12.1
12.3
13.6
16.2
15.5
15.2
15.7
15.4
15.1
14.4
12.9
12.0
13.3
13.6
14.8
15.9
15.3
14.0
12.6
12.6
11.3
12.2
11.5
11.3
10.5
12.1
13.1
13.9
13.0
12.4
13.1
13.2
14.1
13.3
12.5
12.2
12.4
11.2
10.3
10.3
9.81
8.83
9.47
9.3
8.89
10.1
10.4
10.4
11.7
11.1
10.4
11.5
11.7
11.3
10.7
10.9
11.2
10.8
12.1
10.9
11.5
11.3
10.8
10.1
9.91
10.5
12.1
10.9
10.9
10.1
9.12
8.51
9.2
9.87
9.22
10.1
10.8
10.2
9.48
8.53
8.95
9.38
8.76
7.88
8.26
7.89
7.35
7.12
7.13
7.91
7.77
8.1
10.2
10.8
10.0
9.08
8.17
9.11
8.2
9.57
9.75
8.78
9.01
8.83
8.73
8.97
9.83
10.4
10.3
10.0
9.48
9.64
9.78
9.0
9.65
9.47
9.88
8.89
10.0
9.04
8.57
9.92
9.42
8.72
8.75
8.82
8.33
9.69
10.0
10.0
9.03
10.1
9.13
9.39
9.18
8.26
7.7
6.93
9.6
8.64
8.01
7.74
6.97
6.44
6.88
6.95
6.26
5.63
5.76
6.28
5.97
6.06
6.51
5.86
5.42
5.81
5.23
4.71
4.57
4.11
4.4
3.96
3.98
3.89
4.03
3.63
3.45
3.44
3.1
3.05
3.76
5.07
4.69
5.33
5.03
5.12
5.39
5.22
4.86
4.64
4.62
4.68
4.22
3.79
4.25
5.0
4.89
4.53
4.08
4.16
3.74
3.37
3.43
3.08
2.91
3.32
4.1
3.69
3.32
2.99
2.69
3.57
3.22
3.06
3.87
4.75
4.86
4.87
5.92
5.99
7.95
7.15
6.44
6.32
5.69
8.9
8.01
8.32
8.18
7.77
7.83
8.31
7.76
8.52
8.78
9.37
11.0
10.7
9.71
8.74
8.09
7.36
8.26
7.43
6.82
7.04
7.82
7.03
6.33
5.95
7.0
6.68
6.01
5.68
5.99
5.76
5.34
5.08
4.84
5.75
5.89
5.7
5.33
4.8
4.82
4.34
4.82
4.34
4.16
4.65
5.35
5.26
5.58
5.69
5.12
5.2
4.68
4.21
4.53
5.92
7.19
7.38
7.15
7.87
7.21
7.25
6.69
6.02
6.29
6.02
6.31
6.08
6.31
7.58
7.16
6.44
5.9
5.31
4.86
6.19
7.51
6.99
6.75
6.26
7.93
7.44
6.99
7.38
6.78
6.36
5.72
7.05
6.67
6.0
5.4
5.14
5.54
4.98
5.83
6.37
6.36
7.02
6.74
7.77
7.0
6.78
6.1
6.14
6.97
8.83
8.9
8.48
8.42
7.58
7.29
7.58
6.99
6.9
6.21
6.18
7.04
6.62
6.67
6.31
6.27
7.05
7.35
7.17
7.61
7.38
7.04
6.33
5.94
7.25
6.53
6.83
6.15
6.3
7.23
6.5
6.95
6.45
5.81
5.23
4.84
5.09
5.0
5.98
6.39
7.8
7.61
7.85
7.52
7.59
7.75
8.58
8.52
7.87
7.37
8.83
8.85
8.58
7.72
7.18
9.41
10.3
9.6
9.68
8.83
7.94
7.15
6.43
6.26
5.64
5.21
5.95
5.86
5.27
6.09
6.98
7.54
7.02
7.05
7.02
6.31
5.81
5.63
6.62
8.17
8.87
9.89
9.12
8.56
7.86
7.36
6.79
6.11
6.56
7.12
6.84
7.82
7.94
8.69
8.8
9.66
9.17
8.71
8.84
9.81
11.1
10.8
10.4
12.1
11.6
12.6
12.0
11.4
10.3
10.5
10.9
11.2
11.5
10.9
10.8
9.93
11.0
9.93
10.9
10.2
11.7
11.6
12.2
11.0
12.2
12.5
11.2
10.1
9.13
9.16
9.12
9.6
9.69
12.2
12.5
12.3
12.3
12.2
11.6
11.1
11.0
12.6
11.3
10.4
10.6
10.3
10.4
10.1
9.17
8.25
8.95
9.15
11.1
11.3
10.2
10.2
9.88
9.76
8.9
9.98
10.7
11.1
10.3
10.3
9.68
9.93
8.93
8.2
7.56
6.8
7.12
8.17
7.61
7.89
7.1
6.78
6.63
6.38
6.27
5.99
5.39
4.85
4.61
5.51
7.24
6.51
7.84
8.23
7.41
6.66
6.0
7.34
6.89
6.96
6.26
7.73
7.39
6.95
8.06
7.99
7.78
7.0
8.02
7.78
8.2
7.99
7.19
7.97
7.35
6.62
5.96
7.64
6.88
6.19
6.13
6.47
6.8
7.59
7.79
7.01
8.01
7.65
7.23
8.14
9.91
9.83
11.5
10.3
10.7
10.9
11.9
11.0
10.2
11.2
10.1
9.14
8.34
9.76
10.1
9.09
8.18
7.46
6.71
6.04
7.28
7.72
7.15
6.43
6.46
6.82
7.09
6.38
6.21
5.9
5.6
6.34
6.7
7.28
7.15
7.73
6.95
6.26
6.08
5.85
5.56
6.08
5.74
5.42
6.03
6.49
7.22
7.92
7.78
7.83
7.05
6.34
6.82
8.11
7.3
7.11
6.4
6.59
6.3
7.54
7.18
6.86
6.98
8.01
8.32
7.92
7.7
6.93
6.24
7.01
8.24
7.42
6.91
7.45
7.22
6.49
7.32
7.29
6.56
6.6
6.39
6.22
6.19
6.14
6.7
6.17
5.55
6.62
5.96
5.36
5.84
6.22
5.6
5.97
6.34
6.14
5.9
5.31
5.48
5.6
5.04
4.53
4.08
4.29
4.98
4.82
5.3
4.77
5.61
5.05
5.62
6.72
6.79
6.71
6.39
6.93
6.4
6.76
7.56
8.28
7.45
7.47
7.2
6.78
8.22
7.39
6.65
6.2
6.79
9.22
8.3
7.83
8.07
7.89
7.1
8.61
8.61
8.27
7.54
8.19
7.58
7.65
7.51
7.55
7.63
6.87
6.47
7.93
7.54
7.41
7.86
7.07
7.36
7.96
7.28
6.55
6.28
5.65
5.09
5.93
6.15
5.59
5.03
5.84
5.48
4.93
5.82
5.24
5.32
5.55
5.55
6.69
6.25
5.74
5.95
5.35
5.47
5.53
5.98
5.38
5.22
5.07
4.9
6.61
6.67
6.72
7.66
8.59
7.93
7.14
6.42
5.78
5.53
6.38
7.35
7.02
6.32
8.42
7.88
7.79
7.64
6.88
8.48
8.44
8.0
8.71
8.3
7.47
7.87
8.09
7.43
6.95
7.25
